CellID,Time(s),x(microns),y(microns)
236,2.845e+00,7.843e+02,1.185e+03
236,5.690e+00,7.843e+02,1.185e+03
236,8.535e+00,7.843e+02,1.185e+03
236,1.138e+01,7.846e+02,1.185e+03
236,1.423e+01,7.837e+02,1.185e+03
236,1.707e+01,7.830e+02,1.188e+03
236,1.992e+01,7.829e+02,1.187e+03
236,2.276e+01,7.827e+02,1.188e+03
236,2.561e+01,7.823e+02,1.188e+03
236,2.845e+01,7.827e+02,1.188e+03
236,3.130e+01,7.829e+02,1.187e+03
236,3.414e+01,7.832e+02,1.188e+03
236,3.698e+01,7.831e+02,1.187e+03
236,3.983e+01,7.836e+02,1.187e+03
236,4.268e+01,7.837e+02,1.187e+03
236,4.552e+01,7.840e+02,1.186e+03
236,4.837e+01,7.842e+02,1.185e+03
236,5.121e+01,7.841e+02,1.185e+03
236,5.406e+01,7.840e+02,1.185e+03
236,5.690e+01,7.841e+02,1.185e+03
236,5.975e+01,7.843e+02,1.185e+03
236,6.259e+01,7.843e+02,1.185e+03
236,6.544e+01,7.840e+02,1.185e+03
236,6.828e+01,7.839e+02,1.186e+03
236,7.112e+01,7.837e+02,1.187e+03
236,7.397e+01,7.825e+02,1.191e+03
236,7.682e+01,7.823e+02,1.192e+03
236,7.966e+01,7.823e+02,1.191e+03
236,8.251e+01,7.820e+02,1.192e+03
236,8.535e+01,7.816e+02,1.193e+03
236,8.820e+01,7.800e+02,1.195e+03
236,9.104e+01,7.781e+02,1.195e+03
236,9.389e+01,7.773e+02,1.195e+03
236,9.673e+01,7.768e+02,1.195e+03
236,9.958e+01,7.764e+02,1.195e+03
236,1.024e+02,7.762e+02,1.195e+03
236,1.053e+02,7.759e+02,1.194e+03
236,1.081e+02,7.760e+02,1.194e+03
236,1.110e+02,7.759e+02,1.194e+03
236,1.138e+02,7.754e+02,1.194e+03
236,1.166e+02,7.753e+02,1.194e+03
236,1.195e+02,7.753e+02,1.194e+03
236,1.223e+02,7.750e+02,1.194e+03
236,1.252e+02,7.754e+02,1.194e+03
236,1.280e+02,7.753e+02,1.194e+03
236,1.309e+02,7.753e+02,1.194e+03
236,1.337e+02,7.755e+02,1.194e+03
236,1.366e+02,7.752e+02,1.194e+03
236,1.394e+02,7.750e+02,1.194e+03
236,1.422e+02,7.751e+02,1.194e+03
236,1.451e+02,7.751e+02,1.194e+03
236,1.479e+02,7.750e+02,1.194e+03
236,1.508e+02,7.750e+02,1.194e+03
236,1.536e+02,7.748e+02,1.194e+03
236,1.565e+02,7.748e+02,1.194e+03
236,1.593e+02,7.749e+02,1.194e+03
236,1.622e+02,7.746e+02,1.194e+03
236,1.650e+02,7.746e+02,1.194e+03
236,1.679e+02,7.744e+02,1.195e+03
236,1.707e+02,7.736e+02,1.195e+03
236,1.735e+02,7.736e+02,1.195e+03
236,1.764e+02,7.731e+02,1.195e+03
236,1.792e+02,7.726e+02,1.195e+03
236,1.821e+02,7.724e+02,1.196e+03
236,1.849e+02,7.717e+02,1.196e+03
236,1.878e+02,7.727e+02,1.196e+03
236,1.906e+02,7.721e+02,1.196e+03
236,1.935e+02,7.722e+02,1.196e+03
236,1.963e+02,7.725e+02,1.195e+03
236,1.992e+02,7.719e+02,1.195e+03
236,2.020e+02,7.719e+02,1.195e+03
236,2.048e+02,7.715e+02,1.195e+03
236,2.077e+02,7.718e+02,1.195e+03
236,2.105e+02,7.716e+02,1.195e+03
236,2.134e+02,7.716e+02,1.195e+03
236,2.162e+02,7.715e+02,1.195e+03
236,2.191e+02,7.718e+02,1.195e+03
236,2.219e+02,7.713e+02,1.195e+03
236,2.248e+02,7.710e+02,1.195e+03
236,2.276e+02,7.709e+02,1.196e+03
236,2.304e+02,7.708e+02,1.196e+03
236,2.333e+02,7.704e+02,1.196e+03
236,2.361e+02,7.703e+02,1.196e+03
236,2.390e+02,7.703e+02,1.196e+03
236,2.418e+02,7.698e+02,1.196e+03
236,2.447e+02,7.695e+02,1.196e+03
236,2.475e+02,7.694e+02,1.196e+03
236,2.504e+02,7.693e+02,1.196e+03
236,2.532e+02,7.688e+02,1.196e+03
236,2.561e+02,7.689e+02,1.196e+03
236,2.589e+02,7.695e+02,1.196e+03
236,2.617e+02,7.688e+02,1.196e+03
236,2.646e+02,7.686e+02,1.196e+03
236,2.674e+02,7.687e+02,1.196e+03
236,2.703e+02,7.686e+02,1.196e+03
236,2.731e+02,7.681e+02,1.196e+03
236,2.760e+02,7.683e+02,1.196e+03
236,2.788e+02,7.684e+02,1.196e+03
236,2.817e+02,7.674e+02,1.196e+03
236,2.845e+02,7.670e+02,1.196e+03
236,2.873e+02,7.665e+02,1.196e+03
236,2.902e+02,7.663e+02,1.196e+03
236,2.930e+02,7.663e+02,1.196e+03
236,2.959e+02,7.659e+02,1.196e+03
236,2.987e+02,7.659e+02,1.196e+03
236,3.016e+02,7.654e+02,1.196e+03
236,3.044e+02,7.652e+02,1.196e+03
236,3.073e+02,7.651e+02,1.196e+03
236,3.101e+02,7.648e+02,1.196e+03
236,3.130e+02,7.647e+02,1.196e+03
236,3.158e+02,7.646e+02,1.196e+03
236,3.186e+02,7.646e+02,1.196e+03
236,3.215e+02,7.644e+02,1.196e+03
236,3.243e+02,7.646e+02,1.196e+03
236,3.272e+02,7.643e+02,1.195e+03
236,3.300e+02,7.641e+02,1.196e+03
236,3.329e+02,7.639e+02,1.195e+03
236,3.357e+02,7.637e+02,1.195e+03
236,3.386e+02,7.634e+02,1.195e+03
236,3.414e+02,7.633e+02,1.195e+03
236,3.442e+02,7.633e+02,1.195e+03
236,3.471e+02,7.633e+02,1.195e+03
236,3.499e+02,7.632e+02,1.195e+03
236,3.528e+02,7.632e+02,1.195e+03
236,3.556e+02,7.629e+02,1.195e+03
236,3.585e+02,7.629e+02,1.195e+03
236,3.613e+02,7.629e+02,1.194e+03
236,3.642e+02,7.625e+02,1.195e+03
236,3.670e+02,7.626e+02,1.194e+03
236,3.699e+02,7.626e+02,1.194e+03
236,3.727e+02,7.625e+02,1.194e+03
236,3.755e+02,7.625e+02,1.195e+03
236,3.784e+02,7.625e+02,1.195e+03
236,3.812e+02,7.623e+02,1.195e+03
236,3.841e+02,7.621e+02,1.195e+03
236,3.869e+02,7.619e+02,1.195e+03
236,3.898e+02,7.620e+02,1.194e+03
236,3.926e+02,7.619e+02,1.195e+03
236,3.955e+02,7.619e+02,1.195e+03
236,3.983e+02,7.617e+02,1.195e+03
236,4.011e+02,7.616e+02,1.195e+03
236,4.040e+02,7.615e+02,1.195e+03
236,4.068e+02,7.616e+02,1.194e+03
236,4.097e+02,7.613e+02,1.194e+03
236,4.125e+02,7.613e+02,1.194e+03
236,4.154e+02,7.612e+02,1.194e+03
236,4.182e+02,7.610e+02,1.194e+03
236,4.211e+02,7.614e+02,1.194e+03
236,4.239e+02,7.611e+02,1.194e+03
236,4.268e+02,7.610e+02,1.194e+03
236,4.296e+02,7.608e+02,1.194e+03
236,4.324e+02,7.607e+02,1.194e+03
236,4.353e+02,7.606e+02,1.194e+03
236,4.381e+02,7.606e+02,1.194e+03
236,4.410e+02,7.604e+02,1.194e+03
236,4.438e+02,7.607e+02,1.194e+03
236,4.467e+02,7.604e+02,1.194e+03
236,4.495e+02,7.604e+02,1.194e+03
236,4.524e+02,7.604e+02,1.194e+03
236,4.552e+02,7.604e+02,1.194e+03
236,4.580e+02,7.604e+02,1.194e+03
236,4.609e+02,7.605e+02,1.194e+03
236,4.637e+02,7.601e+02,1.194e+03
236,4.666e+02,7.603e+02,1.194e+03
236,4.694e+02,7.603e+02,1.194e+03
236,4.723e+02,7.600e+02,1.194e+03
236,4.751e+02,7.598e+02,1.194e+03
236,4.780e+02,7.599e+02,1.194e+03
236,4.808e+02,7.596e+02,1.194e+03
236,4.837e+02,7.594e+02,1.194e+03
236,4.865e+02,7.593e+02,1.194e+03
236,4.893e+02,7.591e+02,1.194e+03
236,4.922e+02,7.594e+02,1.194e+03
236,4.950e+02,7.593e+02,1.194e+03
236,4.979e+02,7.592e+02,1.194e+03
236,5.007e+02,7.591e+02,1.194e+03
236,5.036e+02,7.593e+02,1.194e+03
236,5.064e+02,7.591e+02,1.194e+03
236,5.093e+02,7.593e+02,1.194e+03
236,5.121e+02,7.590e+02,1.194e+03
236,5.149e+02,7.588e+02,1.194e+03
236,5.178e+02,7.594e+02,1.194e+03
236,5.206e+02,7.590e+02,1.194e+03
236,5.235e+02,7.588e+02,1.194e+03
236,5.263e+02,7.590e+02,1.194e+03
236,5.292e+02,7.588e+02,1.194e+03
236,5.320e+02,7.586e+02,1.194e+03
236,5.349e+02,7.583e+02,1.194e+03
236,5.377e+02,7.582e+02,1.194e+03
236,5.406e+02,7.580e+02,1.194e+03
236,5.434e+02,7.579e+02,1.194e+03
236,5.462e+02,7.578e+02,1.194e+03
236,5.491e+02,7.577e+02,1.194e+03
236,5.519e+02,7.575e+02,1.194e+03
236,5.548e+02,7.575e+02,1.194e+03
236,5.576e+02,7.576e+02,1.194e+03
236,5.605e+02,7.575e+02,1.194e+03
236,5.633e+02,7.574e+02,1.194e+03
236,5.662e+02,7.575e+02,1.194e+03
236,5.690e+02,7.575e+02,1.194e+03
236,5.718e+02,7.574e+02,1.194e+03
236,5.747e+02,7.574e+02,1.194e+03
236,5.775e+02,7.573e+02,1.194e+03
236,5.804e+02,7.573e+02,1.194e+03
236,5.832e+02,7.573e+02,1.194e+03
236,5.861e+02,7.570e+02,1.194e+03
236,5.889e+02,7.570e+02,1.194e+03
236,5.918e+02,7.569e+02,1.194e+03
236,5.946e+02,7.569e+02,1.194e+03
236,5.975e+02,7.560e+02,1.195e+03
236,6.003e+02,7.559e+02,1.195e+03
236,6.031e+02,7.559e+02,1.195e+03
236,6.060e+02,7.558e+02,1.195e+03
236,6.088e+02,7.558e+02,1.195e+03
236,6.117e+02,7.559e+02,1.195e+03
236,6.145e+02,7.558e+02,1.195e+03
236,6.174e+02,7.559e+02,1.195e+03
236,6.202e+02,7.558e+02,1.195e+03
236,6.231e+02,7.554e+02,1.195e+03
236,6.259e+02,7.554e+02,1.195e+03
236,6.287e+02,7.553e+02,1.195e+03
236,6.401e+02,7.547e+02,1.190e+03
645,2.845e+00,1.165e+03,2.977e+02
645,5.690e+00,1.165e+03,2.977e+02
645,8.535e+00,1.165e+03,2.980e+02
645,1.138e+01,1.165e+03,2.975e+02
645,1.423e+01,1.164e+03,2.975e+02
645,1.707e+01,1.165e+03,2.975e+02
645,1.992e+01,1.164e+03,2.976e+02
645,2.276e+01,1.165e+03,2.977e+02
645,2.561e+01,1.165e+03,2.975e+02
645,2.845e+01,1.165e+03,2.974e+02
645,3.130e+01,1.165e+03,2.974e+02
645,3.414e+01,1.165e+03,2.972e+02
645,3.698e+01,1.164e+03,2.976e+02
645,3.983e+01,1.164e+03,2.978e+02
645,4.268e+01,1.165e+03,2.979e+02
645,4.552e+01,1.165e+03,2.979e+02
645,4.837e+01,1.165e+03,2.978e+02
645,5.121e+01,1.165e+03,2.981e+02
645,5.406e+01,1.165e+03,2.981e+02
645,5.690e+01,1.165e+03,2.979e+02
645,5.975e+01,1.165e+03,2.979e+02
645,6.259e+01,1.165e+03,2.978e+02
645,6.544e+01,1.165e+03,2.977e+02
645,6.828e+01,1.165e+03,2.976e+02
645,7.112e+01,1.165e+03,2.976e+02
645,7.397e+01,1.164e+03,2.975e+02
645,7.682e+01,1.165e+03,2.974e+02
645,7.966e+01,1.165e+03,2.973e+02
645,8.251e+01,1.165e+03,2.975e+02
645,8.535e+01,1.165e+03,2.975e+02
645,8.820e+01,1.165e+03,2.975e+02
645,9.104e+01,1.165e+03,2.977e+02
645,9.389e+01,1.165e+03,2.974e+02
645,9.673e+01,1.165e+03,2.973e+02
645,9.958e+01,1.165e+03,2.971e+02
645,1.024e+02,1.165e+03,2.972e+02
645,1.053e+02,1.165e+03,2.973e+02
645,1.081e+02,1.165e+03,2.968e+02
645,1.110e+02,1.165e+03,2.971e+02
645,1.138e+02,1.165e+03,2.971e+02
645,1.166e+02,1.165e+03,2.970e+02
645,1.195e+02,1.165e+03,2.970e+02
645,1.223e+02,1.165e+03,2.971e+02
645,1.252e+02,1.165e+03,2.969e+02
645,1.280e+02,1.164e+03,2.969e+02
645,1.309e+02,1.165e+03,2.968e+02
645,1.337e+02,1.164e+03,2.968e+02
645,1.366e+02,1.165e+03,2.969e+02
645,1.394e+02,1.165e+03,2.972e+02
645,1.422e+02,1.164e+03,2.972e+02
645,1.451e+02,1.164e+03,2.973e+02
645,1.479e+02,1.164e+03,2.972e+02
645,1.508e+02,1.164e+03,2.967e+02
645,1.536e+02,1.164e+03,2.956e+02
645,1.565e+02,1.163e+03,2.952e+02
645,1.593e+02,1.164e+03,2.953e+02
645,1.622e+02,1.164e+03,2.951e+02
645,1.650e+02,1.163e+03,2.942e+02
645,1.679e+02,1.163e+03,2.946e+02
645,1.707e+02,1.163e+03,2.945e+02
645,1.735e+02,1.163e+03,2.945e+02
645,1.764e+02,1.163e+03,2.948e+02
645,1.792e+02,1.163e+03,2.948e+02
645,1.821e+02,1.163e+03,2.946e+02
645,1.849e+02,1.163e+03,2.950e+02
645,1.878e+02,1.163e+03,2.948e+02
645,1.906e+02,1.162e+03,2.942e+02
645,1.935e+02,1.162e+03,2.945e+02
645,1.963e+02,1.162e+03,2.950e+02
645,1.992e+02,1.161e+03,2.949e+02
645,2.020e+02,1.161e+03,2.941e+02
645,2.048e+02,1.161e+03,2.943e+02
645,2.077e+02,1.161e+03,2.942e+02
645,2.105e+02,1.161e+03,2.941e+02
645,2.134e+02,1.161e+03,2.942e+02
645,2.162e+02,1.160e+03,2.930e+02
645,2.191e+02,1.159e+03,2.928e+02
645,2.219e+02,1.157e+03,2.926e+02
645,2.248e+02,1.156e+03,2.935e+02
645,2.276e+02,1.156e+03,2.935e+02
645,2.304e+02,1.157e+03,2.928e+02
645,2.333e+02,1.157e+03,2.928e+02
645,2.361e+02,1.157e+03,2.935e+02
645,2.390e+02,1.157e+03,2.932e+02
645,2.418e+02,1.156e+03,2.929e+02
645,2.447e+02,1.154e+03,2.941e+02
645,2.475e+02,1.153e+03,2.946e+02
645,2.504e+02,1.153e+03,2.954e+02
645,2.532e+02,1.152e+03,2.958e+02
645,2.561e+02,1.150e+03,2.965e+02
645,2.589e+02,1.149e+03,2.978e+02
645,2.617e+02,1.147e+03,2.990e+02
645,2.646e+02,1.144e+03,3.001e+02
645,2.674e+02,1.144e+03,3.014e+02
645,2.703e+02,1.143e+03,3.031e+02
645,2.731e+02,1.142e+03,3.035e+02
645,2.760e+02,1.142e+03,3.033e+02
645,2.788e+02,1.142e+03,3.043e+02
645,2.817e+02,1.142e+03,3.052e+02
645,2.845e+02,1.141e+03,3.061e+02
645,2.873e+02,1.141e+03,3.062e+02
645,2.902e+02,1.140e+03,3.063e+02
645,2.930e+02,1.140e+03,3.063e+02
645,2.959e+02,1.140e+03,3.061e+02
645,2.987e+02,1.140e+03,3.059e+02
645,3.016e+02,1.140e+03,3.059e+02
645,3.044e+02,1.140e+03,3.056e+02
645,3.073e+02,1.140e+03,3.055e+02
645,3.101e+02,1.140e+03,3.059e+02
645,3.130e+02,1.140e+03,3.059e+02
645,3.158e+02,1.140e+03,3.060e+02
645,3.186e+02,1.141e+03,3.062e+02
645,3.215e+02,1.141e+03,3.064e+02
645,3.243e+02,1.141e+03,3.062e+02
645,3.272e+02,1.141e+03,3.059e+02
645,3.300e+02,1.141e+03,3.061e+02
645,3.329e+02,1.141e+03,3.062e+02
645,3.357e+02,1.141e+03,3.062e+02
645,3.386e+02,1.140e+03,3.061e+02
645,3.414e+02,1.140e+03,3.058e+02
645,3.442e+02,1.140e+03,3.058e+02
645,3.471e+02,1.140e+03,3.056e+02
645,3.499e+02,1.140e+03,3.058e+02
645,3.528e+02,1.140e+03,3.059e+02
645,3.556e+02,1.140e+03,3.057e+02
645,3.585e+02,1.140e+03,3.059e+02
645,3.613e+02,1.140e+03,3.058e+02
645,3.642e+02,1.140e+03,3.058e+02
645,3.670e+02,1.140e+03,3.055e+02
645,3.699e+02,1.140e+03,3.056e+02
645,3.727e+02,1.140e+03,3.054e+02
645,3.755e+02,1.141e+03,3.056e+02
645,3.784e+02,1.140e+03,3.053e+02
645,3.812e+02,1.140e+03,3.052e+02
645,3.841e+02,1.140e+03,3.049e+02
645,3.869e+02,1.139e+03,3.048e+02
645,3.898e+02,1.139e+03,3.047e+02
645,3.926e+02,1.139e+03,3.045e+02
645,3.955e+02,1.139e+03,3.046e+02
645,3.983e+02,1.140e+03,3.046e+02
645,4.011e+02,1.140e+03,3.047e+02
645,4.040e+02,1.140e+03,3.048e+02
645,4.068e+02,1.140e+03,3.046e+02
645,4.097e+02,1.140e+03,3.048e+02
645,4.125e+02,1.140e+03,3.048e+02
645,4.154e+02,1.139e+03,3.047e+02
645,4.182e+02,1.139e+03,3.050e+02
645,4.211e+02,1.140e+03,3.048e+02
645,4.239e+02,1.139e+03,3.051e+02
645,4.268e+02,1.139e+03,3.048e+02
645,4.296e+02,1.139e+03,3.048e+02
645,4.324e+02,1.140e+03,3.048e+02
645,4.353e+02,1.140e+03,3.050e+02
645,4.381e+02,1.140e+03,3.051e+02
645,4.410e+02,1.140e+03,3.054e+02
645,4.438e+02,1.140e+03,3.049e+02
645,4.467e+02,1.140e+03,3.047e+02
645,4.495e+02,1.140e+03,3.051e+02
645,4.524e+02,1.140e+03,3.050e+02
645,4.552e+02,1.140e+03,3.049e+02
645,4.580e+02,1.140e+03,3.049e+02
645,4.609e+02,1.141e+03,3.048e+02
645,4.637e+02,1.140e+03,3.049e+02
645,4.666e+02,1.140e+03,3.049e+02
645,4.694e+02,1.140e+03,3.047e+02
645,4.723e+02,1.140e+03,3.048e+02
645,4.751e+02,1.140e+03,3.047e+02
645,4.780e+02,1.140e+03,3.045e+02
645,4.808e+02,1.140e+03,3.046e+02
645,4.837e+02,1.140e+03,3.046e+02
645,4.865e+02,1.140e+03,3.046e+02
645,4.893e+02,1.140e+03,3.047e+02
645,4.922e+02,1.140e+03,3.043e+02
645,4.950e+02,1.140e+03,3.047e+02
645,4.979e+02,1.140e+03,3.047e+02
645,5.007e+02,1.140e+03,3.045e+02
645,5.036e+02,1.139e+03,3.045e+02
645,5.064e+02,1.140e+03,3.046e+02
645,5.093e+02,1.140e+03,3.046e+02
645,5.121e+02,1.140e+03,3.046e+02
645,5.149e+02,1.140e+03,3.048e+02
645,5.178e+02,1.140e+03,3.048e+02
645,5.206e+02,1.140e+03,3.047e+02
645,5.235e+02,1.140e+03,3.043e+02
645,5.263e+02,1.139e+03,3.042e+02
645,5.292e+02,1.139e+03,3.043e+02
645,5.320e+02,1.139e+03,3.042e+02
645,5.349e+02,1.140e+03,3.043e+02
645,5.377e+02,1.139e+03,3.042e+02
645,5.406e+02,1.140e+03,3.041e+02
645,5.434e+02,1.140e+03,3.042e+02
645,5.462e+02,1.140e+03,3.042e+02
645,5.491e+02,1.140e+03,3.044e+02
645,5.519e+02,1.141e+03,3.047e+02
645,5.548e+02,1.140e+03,3.045e+02
645,5.576e+02,1.140e+03,3.047e+02
645,5.605e+02,1.140e+03,3.050e+02
645,5.633e+02,1.140e+03,3.048e+02
645,5.662e+02,1.140e+03,3.047e+02
645,5.690e+02,1.140e+03,3.047e+02
645,5.718e+02,1.140e+03,3.049e+02
645,5.747e+02,1.140e+03,3.049e+02
645,5.775e+02,1.140e+03,3.050e+02
645,5.804e+02,1.140e+03,3.049e+02
645,5.832e+02,1.140e+03,3.050e+02
645,5.861e+02,1.140e+03,3.049e+02
645,5.889e+02,1.140e+03,3.048e+02
645,5.918e+02,1.140e+03,3.054e+02
645,5.946e+02,1.140e+03,3.059e+02
645,5.975e+02,1.140e+03,3.070e+02
645,6.003e+02,1.140e+03,3.071e+02
645,6.031e+02,1.140e+03,3.071e+02
645,6.060e+02,1.141e+03,3.069e+02
645,6.088e+02,1.140e+03,3.070e+02
645,6.117e+02,1.141e+03,3.071e+02
645,6.145e+02,1.141e+03,3.074e+02
645,6.174e+02,1.141e+03,3.073e+02
645,6.202e+02,1.141e+03,3.074e+02
645,6.231e+02,1.141e+03,3.075e+02
645,6.259e+02,1.140e+03,3.068e+02
645,6.287e+02,1.141e+03,3.069e+02
645,6.316e+02,1.140e+03,3.069e+02
645,6.344e+02,1.140e+03,3.068e+02
645,6.373e+02,1.141e+03,3.068e+02
645,6.401e+02,1.141e+03,3.069e+02
645,6.430e+02,1.141e+03,3.070e+02
645,6.458e+02,1.142e+03,3.065e+02
645,6.487e+02,1.141e+03,3.066e+02
645,6.515e+02,1.141e+03,3.068e+02
645,6.544e+02,1.141e+03,3.098e+02
645,6.572e+02,1.141e+03,3.071e+02
645,6.600e+02,1.141e+03,3.066e+02
645,6.629e+02,1.142e+03,3.064e+02
645,6.657e+02,1.141e+03,3.066e+02
645,6.686e+02,1.142e+03,3.070e+02
645,6.714e+02,1.143e+03,3.063e+02
645,6.743e+02,1.142e+03,3.060e+02
645,6.771e+02,1.142e+03,3.063e+02
645,6.800e+02,1.142e+03,3.067e+02
645,6.828e+02,1.143e+03,3.062e+02
645,6.856e+02,1.143e+03,3.063e+02
645,6.885e+02,1.144e+03,3.054e+02
645,6.913e+02,1.144e+03,3.059e+02
645,6.942e+02,1.143e+03,3.053e+02
645,6.970e+02,1.143e+03,3.059e+02
645,6.999e+02,1.144e+03,3.052e+02
645,7.027e+02,1.145e+03,3.058e+02
645,7.056e+02,1.144e+03,3.064e+02
645,7.084e+02,1.144e+03,3.066e+02
645,7.112e+02,1.145e+03,3.062e+02
645,7.141e+02,1.144e+03,3.065e+02
645,7.169e+02,1.143e+03,3.063e+02
645,7.198e+02,1.143e+03,3.061e+02
645,7.226e+02,1.144e+03,3.055e+02
645,7.255e+02,1.144e+03,3.057e+02
645,7.283e+02,1.145e+03,3.056e+02
645,7.312e+02,1.145e+03,3.054e+02
645,7.340e+02,1.145e+03,3.057e+02
645,7.369e+02,1.145e+03,3.059e+02
645,7.397e+02,1.144e+03,3.064e+02
645,7.425e+02,1.144e+03,3.054e+02
645,7.454e+02,1.144e+03,3.049e+02
645,7.482e+02,1.145e+03,3.051e+02
645,7.511e+02,1.144e+03,3.049e+02
645,7.539e+02,1.145e+03,3.051e+02
645,7.568e+02,1.145e+03,3.052e+02
645,7.596e+02,1.145e+03,3.055e+02
645,7.625e+02,1.145e+03,3.054e+02
645,7.653e+02,1.145e+03,3.058e+02
645,7.682e+02,1.145e+03,3.057e+02
645,7.710e+02,1.145e+03,3.054e+02
645,7.738e+02,1.145e+03,3.060e+02
645,7.767e+02,1.145e+03,3.058e+02
645,7.795e+02,1.145e+03,3.057e+02
645,7.824e+02,1.145e+03,3.056e+02
645,7.852e+02,1.144e+03,3.057e+02
645,7.881e+02,1.144e+03,3.065e+02
645,7.909e+02,1.144e+03,3.062e+02
645,7.938e+02,1.144e+03,3.060e+02
645,7.966e+02,1.144e+03,3.060e+02
645,7.994e+02,1.144e+03,3.061e+02
645,8.023e+02,1.144e+03,3.061e+02
645,8.051e+02,1.144e+03,3.056e+02
645,8.080e+02,1.144e+03,3.058e+02
645,8.108e+02,1.144e+03,3.055e+02
645,8.137e+02,1.144e+03,3.053e+02
645,8.165e+02,1.144e+03,3.054e+02
645,8.194e+02,1.144e+03,3.054e+02
645,8.222e+02,1.144e+03,3.055e+02
645,8.251e+02,1.144e+03,3.057e+02
645,8.279e+02,1.144e+03,3.056e+02
645,8.307e+02,1.144e+03,3.058e+02
645,8.336e+02,1.144e+03,3.060e+02
645,8.364e+02,1.143e+03,3.060e+02
645,8.393e+02,1.143e+03,3.054e+02
645,8.421e+02,1.143e+03,3.053e+02
645,8.450e+02,1.143e+03,3.054e+02
645,8.478e+02,1.143e+03,3.054e+02
645,8.507e+02,1.142e+03,3.055e+02
645,8.535e+02,1.142e+03,3.055e+02
645,8.563e+02,1.142e+03,3.059e+02
645,8.592e+02,1.142e+03,3.058e+02
645,8.620e+02,1.142e+03,3.058e+02
645,8.649e+02,1.142e+03,3.056e+02
645,8.677e+02,1.142e+03,3.061e+02
645,8.706e+02,1.142e+03,3.059e+02
645,8.734e+02,1.142e+03,3.062e+02
645,8.763e+02,1.142e+03,3.063e+02
645,8.791e+02,1.142e+03,3.068e+02
645,8.820e+02,1.142e+03,3.067e+02
645,8.848e+02,1.142e+03,3.064e+02
645,8.876e+02,1.142e+03,3.065e+02
645,8.905e+02,1.142e+03,3.063e+02
645,8.933e+02,1.142e+03,3.062e+02
645,8.962e+02,1.142e+03,3.068e+02
645,8.990e+02,1.142e+03,3.069e+02
645,9.019e+02,1.142e+03,3.069e+02
645,9.047e+02,1.142e+03,3.067e+02
645,9.076e+02,1.142e+03,3.071e+02
645,9.104e+02,1.142e+03,3.070e+02
645,9.132e+02,1.142e+03,3.070e+02
645,9.161e+02,1.142e+03,3.068e+02
645,9.189e+02,1.141e+03,3.066e+02
645,9.218e+02,1.141e+03,3.065e+02
645,9.246e+02,1.142e+03,3.065e+02
645,9.275e+02,1.141e+03,3.068e+02
645,9.303e+02,1.141e+03,3.062e+02
645,9.332e+02,1.141e+03,3.065e+02
645,9.360e+02,1.141e+03,3.067e+02
645,9.389e+02,1.142e+03,3.066e+02
645,9.417e+02,1.141e+03,3.066e+02
645,9.445e+02,1.141e+03,3.064e+02
645,9.474e+02,1.141e+03,3.069e+02
645,9.502e+02,1.141e+03,3.068e+02
645,9.531e+02,1.141e+03,3.064e+02
645,9.559e+02,1.141e+03,3.070e+02
645,9.588e+02,1.140e+03,3.068e+02
645,9.616e+02,1.141e+03,3.069e+02
645,9.645e+02,1.141e+03,3.069e+02
645,9.673e+02,1.141e+03,3.076e+02
645,9.701e+02,1.141e+03,3.076e+02
645,9.730e+02,1.141e+03,3.073e+02
645,9.758e+02,1.141e+03,3.072e+02
645,9.787e+02,1.142e+03,3.072e+02
645,9.815e+02,1.141e+03,3.071e+02
645,9.844e+02,1.141e+03,3.073e+02
645,9.872e+02,1.141e+03,3.073e+02
645,9.901e+02,1.141e+03,3.075e+02
645,9.929e+02,1.141e+03,3.070e+02
645,9.958e+02,1.141e+03,3.075e+02
645,9.986e+02,1.141e+03,3.079e+02
645,1.001e+03,1.142e+03,3.075e+02
645,1.004e+03,1.142e+03,3.071e+02
645,1.007e+03,1.141e+03,3.069e+02
645,1.010e+03,1.141e+03,3.068e+02
645,1.013e+03,1.142e+03,3.072e+02
645,1.016e+03,1.142e+03,3.073e+02
645,1.019e+03,1.142e+03,3.074e+02
645,1.021e+03,1.142e+03,3.074e+02
645,1.024e+03,1.142e+03,3.076e+02
645,1.027e+03,1.142e+03,3.076e+02
645,1.030e+03,1.141e+03,3.072e+02
645,1.033e+03,1.141e+03,3.075e+02
645,1.036e+03,1.142e+03,3.075e+02
645,1.038e+03,1.141e+03,3.074e+02
645,1.041e+03,1.141e+03,3.075e+02
645,1.044e+03,1.141e+03,3.076e+02
645,1.047e+03,1.142e+03,3.076e+02
645,1.050e+03,1.142e+03,3.076e+02
645,1.053e+03,1.142e+03,3.077e+02
645,1.055e+03,1.142e+03,3.078e+02
645,1.058e+03,1.142e+03,3.078e+02
645,1.061e+03,1.141e+03,3.073e+02
645,1.064e+03,1.141e+03,3.073e+02
645,1.067e+03,1.141e+03,3.073e+02
645,1.070e+03,1.141e+03,3.071e+02
645,1.073e+03,1.142e+03,3.070e+02
645,1.075e+03,1.141e+03,3.070e+02
645,1.078e+03,1.142e+03,3.070e+02
645,1.081e+03,1.141e+03,3.069e+02
645,1.084e+03,1.141e+03,3.070e+02
645,1.087e+03,1.141e+03,3.073e+02
645,1.090e+03,1.141e+03,3.072e+02
645,1.092e+03,1.142e+03,3.072e+02
645,1.095e+03,1.141e+03,3.069e+02
645,1.098e+03,1.141e+03,3.067e+02
645,1.101e+03,1.141e+03,3.069e+02
645,1.104e+03,1.141e+03,3.070e+02
645,1.107e+03,1.141e+03,3.069e+02
645,1.110e+03,1.141e+03,3.068e+02
645,1.112e+03,1.142e+03,3.067e+02
645,1.115e+03,1.141e+03,3.070e+02
645,1.118e+03,1.141e+03,3.071e+02
645,1.121e+03,1.141e+03,3.073e+02
645,1.124e+03,1.141e+03,3.071e+02
645,1.127e+03,1.141e+03,3.070e+02
645,1.129e+03,1.142e+03,3.070e+02
645,1.132e+03,1.141e+03,3.070e+02
645,1.135e+03,1.141e+03,3.069e+02
645,1.138e+03,1.141e+03,3.068e+02
645,1.141e+03,1.141e+03,3.065e+02
645,1.144e+03,1.141e+03,3.066e+02
645,1.147e+03,1.141e+03,3.066e+02
645,1.149e+03,1.141e+03,3.066e+02
645,1.152e+03,1.141e+03,3.064e+02
645,1.155e+03,1.141e+03,3.066e+02
645,1.158e+03,1.141e+03,3.063e+02
645,1.161e+03,1.141e+03,3.064e+02
645,1.164e+03,1.141e+03,3.065e+02
645,1.166e+03,1.140e+03,3.065e+02
645,1.169e+03,1.140e+03,3.064e+02
645,1.172e+03,1.140e+03,3.065e+02
645,1.175e+03,1.140e+03,3.066e+02
645,1.178e+03,1.140e+03,3.065e+02
645,1.181e+03,1.141e+03,3.066e+02
645,1.184e+03,1.141e+03,3.069e+02
645,1.186e+03,1.141e+03,3.065e+02
645,1.189e+03,1.140e+03,3.063e+02
645,1.192e+03,1.141e+03,3.067e+02
645,1.195e+03,1.141e+03,3.066e+02
645,1.198e+03,1.140e+03,3.066e+02
645,1.201e+03,1.140e+03,3.063e+02
645,1.203e+03,1.140e+03,3.063e+02
645,1.206e+03,1.139e+03,3.061e+02
645,1.209e+03,1.139e+03,3.058e+02
645,1.212e+03,1.140e+03,3.057e+02
645,1.215e+03,1.140e+03,3.059e+02
645,1.218e+03,1.140e+03,3.066e+02
645,1.221e+03,1.140e+03,3.065e+02
645,1.223e+03,1.140e+03,3.064e+02
645,1.226e+03,1.140e+03,3.068e+02
645,1.229e+03,1.141e+03,3.069e+02
645,1.232e+03,1.140e+03,3.070e+02
645,1.235e+03,1.141e+03,3.071e+02
645,1.238e+03,1.141e+03,3.070e+02
645,1.240e+03,1.141e+03,3.071e+02
645,1.243e+03,1.141e+03,3.075e+02
645,1.246e+03,1.142e+03,3.072e+02
645,1.249e+03,1.141e+03,3.071e+02
645,1.252e+03,1.141e+03,3.068e+02
645,1.255e+03,1.141e+03,3.066e+02
645,1.257e+03,1.140e+03,3.064e+02
645,1.260e+03,1.140e+03,3.066e+02
645,1.263e+03,1.140e+03,3.066e+02
645,1.266e+03,1.140e+03,3.067e+02
645,1.269e+03,1.140e+03,3.063e+02
645,1.272e+03,1.140e+03,3.063e+02
645,1.275e+03,1.140e+03,3.064e+02
645,1.277e+03,1.140e+03,3.060e+02
645,1.280e+03,1.140e+03,3.061e+02
645,1.283e+03,1.139e+03,3.066e+02
645,1.286e+03,1.139e+03,3.065e+02
645,1.289e+03,1.139e+03,3.064e+02
645,1.292e+03,1.139e+03,3.065e+02
645,1.294e+03,1.139e+03,3.064e+02
645,1.297e+03,1.140e+03,3.066e+02
645,1.300e+03,1.140e+03,3.066e+02
645,1.303e+03,1.140e+03,3.066e+02
645,1.306e+03,1.140e+03,3.063e+02
645,1.309e+03,1.140e+03,3.059e+02
645,1.312e+03,1.139e+03,3.060e+02
645,1.314e+03,1.140e+03,3.058e+02
645,1.317e+03,1.140e+03,3.063e+02
645,1.320e+03,1.140e+03,3.062e+02
645,1.323e+03,1.140e+03,3.061e+02
645,1.326e+03,1.140e+03,3.061e+02
645,1.329e+03,1.141e+03,3.059e+02
645,1.331e+03,1.140e+03,3.057e+02
645,1.334e+03,1.140e+03,3.059e+02
645,1.337e+03,1.140e+03,3.061e+02
645,1.340e+03,1.140e+03,3.061e+02
645,1.343e+03,1.139e+03,3.062e+02
645,1.346e+03,1.140e+03,3.059e+02
645,1.349e+03,1.140e+03,3.060e+02
645,1.351e+03,1.140e+03,3.061e+02
645,1.354e+03,1.139e+03,3.061e+02
645,1.357e+03,1.140e+03,3.059e+02
645,1.360e+03,1.140e+03,3.060e+02
645,1.363e+03,1.140e+03,3.065e+02
645,1.366e+03,1.140e+03,3.064e+02
645,1.368e+03,1.141e+03,3.061e+02
645,1.371e+03,1.141e+03,3.062e+02
645,1.374e+03,1.141e+03,3.063e+02
645,1.377e+03,1.141e+03,3.064e+02
645,1.380e+03,1.140e+03,3.064e+02
645,1.383e+03,1.141e+03,3.060e+02
645,1.386e+03,1.142e+03,3.057e+02
645,1.388e+03,1.140e+03,3.060e+02
645,1.391e+03,1.140e+03,3.060e+02
645,1.394e+03,1.140e+03,3.062e+02
645,1.397e+03,1.140e+03,3.061e+02
645,1.400e+03,1.140e+03,3.060e+02
645,1.403e+03,1.140e+03,3.060e+02
645,1.405e+03,1.140e+03,3.059e+02
645,1.408e+03,1.140e+03,3.055e+02
645,1.411e+03,1.139e+03,3.054e+02
645,1.414e+03,1.140e+03,3.059e+02
645,1.417e+03,1.140e+03,3.060e+02
645,1.420e+03,1.140e+03,3.061e+02
645,1.422e+03,1.140e+03,3.058e+02
645,1.425e+03,1.140e+03,3.060e+02
645,1.428e+03,1.140e+03,3.056e+02
645,1.431e+03,1.140e+03,3.053e+02
645,1.434e+03,1.140e+03,3.060e+02
645,1.437e+03,1.139e+03,3.055e+02
645,1.440e+03,1.139e+03,3.055e+02
645,1.442e+03,1.140e+03,3.058e+02
645,1.445e+03,1.140e+03,3.055e+02
645,1.448e+03,1.140e+03,3.056e+02
645,1.451e+03,1.140e+03,3.054e+02
645,1.454e+03,1.140e+03,3.056e+02
645,1.457e+03,1.140e+03,3.056e+02
645,1.459e+03,1.140e+03,3.055e+02
645,1.462e+03,1.140e+03,3.053e+02
645,1.465e+03,1.140e+03,3.055e+02
645,1.468e+03,1.139e+03,3.057e+02
645,1.471e+03,1.139e+03,3.056e+02
645,1.474e+03,1.140e+03,3.056e+02
645,1.477e+03,1.139e+03,3.061e+02
645,1.479e+03,1.140e+03,3.061e+02
645,1.482e+03,1.140e+03,3.059e+02
645,1.485e+03,1.140e+03,3.057e+02
645,1.488e+03,1.141e+03,3.061e+02
645,1.491e+03,1.141e+03,3.060e+02
645,1.494e+03,1.141e+03,3.060e+02
645,1.496e+03,1.141e+03,3.060e+02
645,1.499e+03,1.141e+03,3.059e+02
645,1.502e+03,1.141e+03,3.059e+02
645,1.505e+03,1.141e+03,3.057e+02
645,1.508e+03,1.141e+03,3.058e+02
645,1.511e+03,1.141e+03,3.059e+02
645,1.514e+03,1.140e+03,3.062e+02
645,1.516e+03,1.140e+03,3.063e+02
645,1.519e+03,1.140e+03,3.068e+02
645,1.522e+03,1.140e+03,3.066e+02
645,1.525e+03,1.140e+03,3.065e+02
645,1.528e+03,1.140e+03,3.057e+02
645,1.531e+03,1.140e+03,3.058e+02
645,1.533e+03,1.140e+03,3.058e+02
645,1.536e+03,1.140e+03,3.059e+02
645,1.539e+03,1.140e+03,3.063e+02
645,1.542e+03,1.140e+03,3.062e+02
645,1.545e+03,1.140e+03,3.064e+02
645,1.548e+03,1.140e+03,3.066e+02
645,1.551e+03,1.140e+03,3.064e+02
645,1.553e+03,1.140e+03,3.061e+02
645,1.556e+03,1.141e+03,3.057e+02
645,1.559e+03,1.141e+03,3.054e+02
645,1.562e+03,1.141e+03,3.054e+02
645,1.565e+03,1.140e+03,3.060e+02
645,1.568e+03,1.139e+03,3.056e+02
645,1.570e+03,1.139e+03,3.056e+02
645,1.573e+03,1.139e+03,3.057e+02
645,1.576e+03,1.140e+03,3.061e+02
645,1.579e+03,1.140e+03,3.060e+02
645,1.582e+03,1.140e+03,3.063e+02
645,1.585e+03,1.140e+03,3.064e+02
645,1.588e+03,1.141e+03,3.066e+02
645,1.590e+03,1.140e+03,3.068e+02
645,1.593e+03,1.140e+03,3.066e+02
645,1.596e+03,1.140e+03,3.069e+02
645,1.599e+03,1.139e+03,3.070e+02
645,1.602e+03,1.140e+03,3.068e+02
645,1.605e+03,1.140e+03,3.066e+02
645,1.607e+03,1.140e+03,3.064e+02
645,1.610e+03,1.140e+03,3.064e+02
645,1.613e+03,1.140e+03,3.065e+02
645,1.616e+03,1.140e+03,3.066e+02
645,1.619e+03,1.140e+03,3.068e+02
645,1.622e+03,1.140e+03,3.069e+02
645,1.624e+03,1.140e+03,3.069e+02
645,1.627e+03,1.140e+03,3.075e+02
645,1.630e+03,1.141e+03,3.074e+02
645,1.633e+03,1.141e+03,3.075e+02
645,1.636e+03,1.141e+03,3.075e+02
645,1.639e+03,1.141e+03,3.074e+02
645,1.642e+03,1.141e+03,3.075e+02
645,1.644e+03,1.140e+03,3.069e+02
645,1.647e+03,1.140e+03,3.069e+02
645,1.650e+03,1.140e+03,3.069e+02
645,1.653e+03,1.140e+03,3.068e+02
645,1.656e+03,1.140e+03,3.070e+02
645,1.659e+03,1.140e+03,3.073e+02
645,1.661e+03,1.140e+03,3.073e+02
645,1.664e+03,1.140e+03,3.071e+02
645,1.667e+03,1.140e+03,3.063e+02
645,1.670e+03,1.139e+03,3.065e+02
645,1.673e+03,1.140e+03,3.067e+02
645,1.676e+03,1.140e+03,3.073e+02
645,1.679e+03,1.140e+03,3.070e+02
645,1.681e+03,1.140e+03,3.071e+02
645,1.684e+03,1.140e+03,3.074e+02
645,1.687e+03,1.140e+03,3.079e+02
645,1.690e+03,1.140e+03,3.075e+02
645,1.693e+03,1.140e+03,3.065e+02
645,1.696e+03,1.140e+03,3.061e+02
645,1.698e+03,1.139e+03,3.058e+02
645,1.701e+03,1.139e+03,3.056e+02
645,1.704e+03,1.139e+03,3.055e+02
645,1.707e+03,1.140e+03,3.061e+02
645,1.710e+03,1.140e+03,3.058e+02
645,1.713e+03,1.140e+03,3.061e+02
645,1.716e+03,1.140e+03,3.063e+02
645,1.718e+03,1.141e+03,3.064e+02
645,1.721e+03,1.140e+03,3.066e+02
645,1.724e+03,1.141e+03,3.064e+02
645,1.727e+03,1.140e+03,3.062e+02
645,1.730e+03,1.140e+03,3.063e+02
645,1.733e+03,1.140e+03,3.066e+02
645,1.735e+03,1.140e+03,3.065e+02
645,1.738e+03,1.140e+03,3.076e+02
645,1.741e+03,1.140e+03,3.075e+02
645,1.744e+03,1.141e+03,3.061e+02
645,1.747e+03,1.140e+03,3.069e+02
645,1.750e+03,1.140e+03,3.074e+02
645,1.753e+03,1.141e+03,3.079e+02
645,1.755e+03,1.141e+03,3.073e+02
645,1.758e+03,1.141e+03,3.073e+02
645,1.761e+03,1.140e+03,3.072e+02
645,1.764e+03,1.140e+03,3.073e+02
645,1.767e+03,1.141e+03,3.074e+02
645,1.770e+03,1.140e+03,3.073e+02
645,1.772e+03,1.140e+03,3.073e+02
645,1.775e+03,1.141e+03,3.074e+02
645,1.778e+03,1.141e+03,3.073e+02
645,1.781e+03,1.142e+03,3.073e+02
645,1.784e+03,1.141e+03,3.069e+02
645,1.787e+03,1.141e+03,3.071e+02
645,1.790e+03,1.141e+03,3.073e+02
645,1.792e+03,1.141e+03,3.078e+02
645,1.795e+03,1.141e+03,3.077e+02
645,1.798e+03,1.141e+03,3.070e+02
1280,2.845e+00,1.172e+03,7.752e+02
1280,5.690e+00,1.172e+03,7.754e+02
1280,8.535e+00,1.172e+03,7.755e+02
1280,1.138e+01,1.172e+03,7.756e+02
1280,1.423e+01,1.171e+03,7.756e+02
1280,1.707e+01,1.172e+03,7.757e+02
1280,1.992e+01,1.171e+03,7.754e+02
1280,2.276e+01,1.171e+03,7.753e+02
1280,2.561e+01,1.171e+03,7.754e+02
1280,2.845e+01,1.171e+03,7.754e+02
1280,3.130e+01,1.171e+03,7.755e+02
1280,3.414e+01,1.170e+03,7.754e+02
1280,3.698e+01,1.170e+03,7.753e+02
1280,3.983e+01,1.170e+03,7.751e+02
1280,4.268e+01,1.170e+03,7.753e+02
1280,4.552e+01,1.170e+03,7.755e+02
1280,4.837e+01,1.169e+03,7.757e+02
1280,5.121e+01,1.169e+03,7.764e+02
1280,5.406e+01,1.169e+03,7.768e+02
1280,5.690e+01,1.169e+03,7.770e+02
1280,5.975e+01,1.168e+03,7.776e+02
1280,6.259e+01,1.168e+03,7.781e+02
1280,6.544e+01,1.168e+03,7.789e+02
1280,6.828e+01,1.167e+03,7.787e+02
1280,7.112e+01,1.167e+03,7.792e+02
1280,7.397e+01,1.167e+03,7.794e+02
1280,7.682e+01,1.167e+03,7.799e+02
1280,7.966e+01,1.167e+03,7.800e+02
1280,8.251e+01,1.167e+03,7.804e+02
1280,8.535e+01,1.166e+03,7.805e+02
1280,8.820e+01,1.166e+03,7.807e+02
1280,9.104e+01,1.166e+03,7.812e+02
1280,9.389e+01,1.166e+03,7.814e+02
1280,9.673e+01,1.165e+03,7.814e+02
1280,9.958e+01,1.165e+03,7.816e+02
1280,1.024e+02,1.164e+03,7.816e+02
1280,1.053e+02,1.164e+03,7.819e+02
1280,1.081e+02,1.164e+03,7.820e+02
1280,1.110e+02,1.163e+03,7.826e+02
1280,1.138e+02,1.163e+03,7.828e+02
1280,1.166e+02,1.163e+03,7.828e+02
1280,1.195e+02,1.163e+03,7.831e+02
1280,1.223e+02,1.163e+03,7.831e+02
1280,1.252e+02,1.162e+03,7.832e+02
1280,1.280e+02,1.162e+03,7.833e+02
1280,1.309e+02,1.161e+03,7.836e+02
1280,1.337e+02,1.161e+03,7.835e+02
1280,1.366e+02,1.161e+03,7.837e+02
1280,1.394e+02,1.161e+03,7.840e+02
1280,1.422e+02,1.161e+03,7.841e+02
1280,1.451e+02,1.161e+03,7.842e+02
1280,1.479e+02,1.161e+03,7.843e+02
1280,1.508e+02,1.160e+03,7.845e+02
1280,1.536e+02,1.160e+03,7.849e+02
1280,1.565e+02,1.160e+03,7.850e+02
1280,1.593e+02,1.160e+03,7.856e+02
1280,1.622e+02,1.160e+03,7.858e+02
1280,1.650e+02,1.160e+03,7.854e+02
1280,1.679e+02,1.160e+03,7.857e+02
1280,1.707e+02,1.159e+03,7.863e+02
1280,1.735e+02,1.159e+03,7.864e+02
1280,1.764e+02,1.159e+03,7.864e+02
1280,1.792e+02,1.159e+03,7.866e+02
1280,1.821e+02,1.159e+03,7.869e+02
1280,1.849e+02,1.158e+03,7.872e+02
1280,1.878e+02,1.158e+03,7.875e+02
1280,1.906e+02,1.158e+03,7.875e+02
1280,1.935e+02,1.158e+03,7.880e+02
1280,1.963e+02,1.159e+03,7.879e+02
1280,1.992e+02,1.159e+03,7.883e+02
1280,2.020e+02,1.158e+03,7.880e+02
1280,2.048e+02,1.158e+03,7.884e+02
1280,2.077e+02,1.158e+03,7.888e+02
1280,2.105e+02,1.158e+03,7.889e+02
1280,2.134e+02,1.158e+03,7.888e+02
1280,2.162e+02,1.158e+03,7.890e+02
1280,2.191e+02,1.158e+03,7.891e+02
1280,2.219e+02,1.158e+03,7.893e+02
1280,2.248e+02,1.158e+03,7.892e+02
1280,2.276e+02,1.158e+03,7.891e+02
1280,2.304e+02,1.158e+03,7.890e+02
1280,2.333e+02,1.159e+03,7.891e+02
1280,2.361e+02,1.159e+03,7.892e+02
1280,2.390e+02,1.159e+03,7.894e+02
1280,2.418e+02,1.159e+03,7.895e+02
1280,2.447e+02,1.158e+03,7.898e+02
1280,2.475e+02,1.159e+03,7.900e+02
1280,2.504e+02,1.159e+03,7.905e+02
1280,2.532e+02,1.158e+03,7.906e+02
1280,2.561e+02,1.159e+03,7.904e+02
1280,2.589e+02,1.159e+03,7.904e+02
1280,2.617e+02,1.159e+03,7.905e+02
1280,2.646e+02,1.159e+03,7.905e+02
1280,2.674e+02,1.159e+03,7.908e+02
1280,2.703e+02,1.159e+03,7.910e+02
1280,2.731e+02,1.159e+03,7.910e+02
1280,2.760e+02,1.158e+03,7.912e+02
1280,2.788e+02,1.159e+03,7.913e+02
1280,2.817e+02,1.158e+03,7.915e+02
1280,2.845e+02,1.158e+03,7.917e+02
1280,2.873e+02,1.158e+03,7.919e+02
1280,2.902e+02,1.158e+03,7.920e+02
1280,2.930e+02,1.158e+03,7.918e+02
1280,2.959e+02,1.157e+03,7.927e+02
1280,2.987e+02,1.158e+03,7.928e+02
1280,3.016e+02,1.158e+03,7.931e+02
1280,3.044e+02,1.157e+03,7.932e+02
1280,3.073e+02,1.157e+03,7.934e+02
1280,3.101e+02,1.157e+03,7.934e+02
1280,3.130e+02,1.157e+03,7.934e+02
1280,3.158e+02,1.156e+03,7.934e+02
1280,3.186e+02,1.156e+03,7.939e+02
1280,3.215e+02,1.156e+03,7.940e+02
1280,3.243e+02,1.156e+03,7.941e+02
1280,3.272e+02,1.155e+03,7.943e+02
1280,3.300e+02,1.155e+03,7.943e+02
1280,3.329e+02,1.155e+03,7.944e+02
1280,3.357e+02,1.154e+03,7.945e+02
1280,3.386e+02,1.154e+03,7.945e+02
1280,3.414e+02,1.154e+03,7.944e+02
1280,3.442e+02,1.154e+03,7.944e+02
1280,3.471e+02,1.153e+03,7.947e+02
1280,3.499e+02,1.153e+03,7.948e+02
1280,3.528e+02,1.152e+03,7.951e+02
1280,3.556e+02,1.151e+03,7.953e+02
1280,3.585e+02,1.151e+03,7.956e+02
1280,3.613e+02,1.150e+03,7.956e+02
1280,3.642e+02,1.150e+03,7.963e+02
1280,3.670e+02,1.149e+03,7.965e+02
1280,3.699e+02,1.149e+03,7.967e+02
1280,3.727e+02,1.148e+03,7.970e+02
1280,3.755e+02,1.148e+03,7.974e+02
1280,3.784e+02,1.148e+03,7.976e+02
1280,3.812e+02,1.147e+03,7.975e+02
1280,3.841e+02,1.147e+03,7.977e+02
1280,3.869e+02,1.146e+03,7.977e+02
1280,3.898e+02,1.146e+03,7.975e+02
1280,3.926e+02,1.146e+03,7.975e+02
1280,3.955e+02,1.145e+03,7.974e+02
1280,3.983e+02,1.145e+03,7.975e+02
1280,4.011e+02,1.145e+03,7.979e+02
1280,4.040e+02,1.144e+03,7.979e+02
1280,4.068e+02,1.144e+03,7.981e+02
1280,4.097e+02,1.144e+03,7.981e+02
1280,4.125e+02,1.143e+03,7.980e+02
1280,4.154e+02,1.143e+03,7.981e+02
1280,4.182e+02,1.143e+03,7.980e+02
1280,4.211e+02,1.143e+03,7.981e+02
1280,4.239e+02,1.143e+03,7.981e+02
1280,4.268e+02,1.142e+03,7.980e+02
1280,4.296e+02,1.142e+03,7.981e+02
1280,4.324e+02,1.141e+03,7.985e+02
1280,4.353e+02,1.141e+03,7.982e+02
1280,4.381e+02,1.141e+03,7.981e+02
1280,4.410e+02,1.140e+03,7.983e+02
1280,4.438e+02,1.140e+03,7.981e+02
1280,4.467e+02,1.140e+03,7.981e+02
1280,4.495e+02,1.140e+03,7.980e+02
1280,4.524e+02,1.140e+03,7.981e+02
1280,4.552e+02,1.139e+03,7.980e+02
1280,4.580e+02,1.139e+03,7.982e+02
1280,4.609e+02,1.139e+03,7.980e+02
1280,4.637e+02,1.138e+03,7.977e+02
1280,4.666e+02,1.138e+03,7.978e+02
1280,4.694e+02,1.137e+03,7.979e+02
1280,4.723e+02,1.137e+03,7.978e+02
1280,4.751e+02,1.136e+03,7.969e+02
1280,4.780e+02,1.136e+03,7.969e+02
1280,4.808e+02,1.136e+03,7.968e+02
1280,4.837e+02,1.136e+03,7.966e+02
1280,4.865e+02,1.135e+03,7.965e+02
1280,4.893e+02,1.135e+03,7.965e+02
1280,4.922e+02,1.135e+03,7.963e+02
1280,4.950e+02,1.135e+03,7.963e+02
1280,4.979e+02,1.135e+03,7.962e+02
1280,5.007e+02,1.135e+03,7.963e+02
1280,5.036e+02,1.135e+03,7.961e+02
1280,5.064e+02,1.134e+03,7.962e+02
1280,5.093e+02,1.134e+03,7.960e+02
1280,5.121e+02,1.134e+03,7.960e+02
1280,5.149e+02,1.134e+03,7.958e+02
1280,5.178e+02,1.134e+03,7.959e+02
1280,5.206e+02,1.134e+03,7.959e+02
1280,5.235e+02,1.134e+03,7.959e+02
1280,5.263e+02,1.134e+03,7.960e+02
1280,5.292e+02,1.133e+03,7.960e+02
1280,5.320e+02,1.133e+03,7.955e+02
1280,5.349e+02,1.134e+03,7.956e+02
1280,5.377e+02,1.133e+03,7.955e+02
1280,5.406e+02,1.133e+03,7.955e+02
1280,5.434e+02,1.133e+03,7.953e+02
1280,5.462e+02,1.133e+03,7.952e+02
1280,5.491e+02,1.132e+03,7.951e+02
1280,5.519e+02,1.132e+03,7.953e+02
1280,5.548e+02,1.132e+03,7.955e+02
1280,5.576e+02,1.132e+03,7.953e+02
1280,5.605e+02,1.132e+03,7.956e+02
1280,5.633e+02,1.131e+03,7.958e+02
1280,5.662e+02,1.131e+03,7.960e+02
1280,5.690e+02,1.131e+03,7.960e+02
1280,5.718e+02,1.131e+03,7.959e+02
1280,5.747e+02,1.131e+03,7.960e+02
1280,5.775e+02,1.131e+03,7.961e+02
1280,5.804e+02,1.131e+03,7.964e+02
1280,5.832e+02,1.131e+03,7.967e+02
1280,5.861e+02,1.131e+03,7.968e+02
1280,5.889e+02,1.130e+03,7.998e+02
1280,5.918e+02,1.130e+03,8.000e+02
1280,5.946e+02,1.130e+03,8.002e+02
1280,5.975e+02,1.129e+03,8.010e+02
1280,6.003e+02,1.129e+03,8.011e+02
1280,6.031e+02,1.129e+03,8.009e+02
1280,6.060e+02,1.129e+03,8.012e+02
1280,6.088e+02,1.128e+03,8.010e+02
1280,6.117e+02,1.128e+03,8.011e+02
1280,6.145e+02,1.128e+03,8.011e+02
1280,6.174e+02,1.128e+03,8.011e+02
1280,6.202e+02,1.128e+03,8.011e+02
1280,6.231e+02,1.128e+03,8.013e+02
1280,6.259e+02,1.128e+03,8.014e+02
1280,6.287e+02,1.128e+03,8.014e+02
1280,6.316e+02,1.127e+03,8.012e+02
1280,6.344e+02,1.127e+03,8.010e+02
1280,6.373e+02,1.127e+03,8.008e+02
1280,6.401e+02,1.127e+03,8.022e+02
1280,6.430e+02,1.128e+03,8.001e+02
1280,6.458e+02,1.128e+03,8.008e+02
1280,6.487e+02,1.127e+03,8.011e+02
1280,6.515e+02,1.127e+03,8.011e+02
1280,6.572e+02,1.127e+03,8.017e+02
1280,6.600e+02,1.127e+03,8.008e+02
1280,6.629e+02,1.128e+03,8.009e+02
1280,1.044e+03,1.129e+03,8.033e+02
1280,1.047e+03,1.130e+03,8.035e+02
1280,1.073e+03,1.130e+03,8.038e+02
1280,1.075e+03,1.128e+03,8.033e+02
1280,1.078e+03,1.129e+03,8.046e+02
1280,1.081e+03,1.128e+03,8.027e+02
1280,1.087e+03,1.127e+03,8.029e+02
1280,1.090e+03,1.129e+03,8.035e+02
1280,1.092e+03,1.128e+03,8.029e+02
1280,1.095e+03,1.128e+03,8.032e+02
1280,1.098e+03,1.129e+03,8.028e+02
1280,1.101e+03,1.128e+03,8.026e+02
1280,1.104e+03,1.126e+03,8.026e+02
1280,1.107e+03,1.129e+03,8.032e+02
1280,1.110e+03,1.130e+03,8.027e+02
1280,1.121e+03,1.128e+03,8.024e+02
1280,1.124e+03,1.132e+03,8.014e+02
1280,1.127e+03,1.130e+03,8.028e+02
1280,1.129e+03,1.130e+03,8.028e+02
1280,1.132e+03,1.130e+03,8.045e+02
1280,1.144e+03,1.131e+03,8.026e+02
1280,1.149e+03,1.131e+03,8.020e+02
1280,1.158e+03,1.131e+03,8.014e+02
1280,1.161e+03,1.130e+03,8.009e+02
1280,1.289e+03,1.128e+03,8.017e+02
1280,1.411e+03,1.129e+03,8.022e+02
1419,2.845e+00,7.031e+02,9.013e+02
1419,5.690e+00,7.006e+02,9.011e+02
1419,1.138e+01,7.024e+02,9.006e+02
1419,1.423e+01,7.013e+02,9.006e+02
1419,1.707e+01,7.029e+02,9.018e+02
1419,1.166e+02,7.034e+02,9.007e+02
1419,1.195e+02,7.041e+02,9.022e+02
1419,1.223e+02,7.050e+02,9.062e+02
1419,1.252e+02,7.032e+02,9.098e+02
1419,1.280e+02,7.019e+02,9.117e+02
1419,1.309e+02,7.021e+02,9.128e+02
1419,1.337e+02,7.007e+02,9.157e+02
1419,1.366e+02,7.007e+02,9.203e+02
1419,1.394e+02,7.028e+02,9.243e+02
1419,1.422e+02,7.036e+02,9.269e+02
1419,1.451e+02,7.045e+02,9.289e+02
1419,1.479e+02,7.049e+02,9.319e+02
1419,1.508e+02,7.049e+02,9.329e+02
1419,1.536e+02,7.050e+02,9.329e+02
1419,1.565e+02,7.045e+02,9.336e+02
1419,1.593e+02,7.052e+02,9.340e+02
1419,1.622e+02,7.051e+02,9.347e+02
1419,1.650e+02,7.053e+02,9.344e+02
1419,1.679e+02,7.052e+02,9.341e+02
1419,1.707e+02,7.053e+02,9.338e+02
1419,1.735e+02,7.050e+02,9.335e+02
1419,1.764e+02,7.046e+02,9.331e+02
1419,1.792e+02,7.049e+02,9.335e+02
1419,1.821e+02,7.052e+02,9.334e+02
1419,1.849e+02,7.041e+02,9.334e+02
1419,1.878e+02,7.037e+02,9.335e+02
1419,1.906e+02,7.034e+02,9.335e+02
1419,1.935e+02,7.041e+02,9.333e+02
1419,1.963e+02,7.047e+02,9.336e+02
1419,1.992e+02,7.043e+02,9.332e+02
1419,2.020e+02,7.048e+02,9.333e+02
1419,2.048e+02,7.047e+02,9.336e+02
1419,2.077e+02,7.048e+02,9.337e+02
1419,2.105e+02,7.053e+02,9.333e+02
1419,2.134e+02,7.059e+02,9.334e+02
1419,2.162e+02,7.061e+02,9.332e+02
1419,2.191e+02,7.066e+02,9.333e+02
1419,2.219e+02,7.064e+02,9.337e+02
1419,2.248e+02,7.066e+02,9.333e+02
1419,2.276e+02,7.064e+02,9.333e+02
1419,2.304e+02,7.064e+02,9.334e+02
1419,2.333e+02,7.068e+02,9.333e+02
1419,2.361e+02,7.067e+02,9.325e+02
1419,2.390e+02,7.063e+02,9.313e+02
1419,2.418e+02,7.059e+02,9.315e+02
1419,2.447e+02,7.067e+02,9.318e+02
1419,2.475e+02,7.065e+02,9.319e+02
1419,2.504e+02,7.063e+02,9.317e+02
1419,2.532e+02,7.066e+02,9.313e+02
1419,2.561e+02,7.069e+02,9.307e+02
1419,2.589e+02,7.066e+02,9.311e+02
1419,2.617e+02,7.063e+02,9.314e+02
1419,2.646e+02,7.065e+02,9.310e+02
1419,2.674e+02,7.063e+02,9.314e+02
1419,2.703e+02,7.060e+02,9.311e+02
1419,2.731e+02,7.053e+02,9.309e+02
1419,2.760e+02,7.056e+02,9.310e+02
1419,2.788e+02,7.055e+02,9.314e+02
1419,2.817e+02,7.047e+02,9.319e+02
1419,2.845e+02,7.050e+02,9.333e+02
1419,2.873e+02,7.041e+02,9.346e+02
1419,2.902e+02,7.046e+02,9.348e+02
1419,2.930e+02,7.052e+02,9.355e+02
1419,2.959e+02,7.056e+02,9.361e+02
1419,2.987e+02,7.060e+02,9.363e+02
1419,3.016e+02,7.059e+02,9.362e+02
1419,3.044e+02,7.056e+02,9.360e+02
1419,3.073e+02,7.056e+02,9.363e+02
1419,3.101e+02,7.054e+02,9.365e+02
1419,3.130e+02,7.052e+02,9.364e+02
1419,3.158e+02,7.046e+02,9.362e+02
1419,3.186e+02,7.043e+02,9.365e+02
1419,3.215e+02,7.041e+02,9.378e+02
1419,3.243e+02,7.043e+02,9.386e+02
1419,3.272e+02,7.040e+02,9.398e+02
1419,3.300e+02,7.038e+02,9.423e+02
1419,3.329e+02,7.044e+02,9.447e+02
1419,3.357e+02,7.051e+02,9.472e+02
1419,3.386e+02,7.063e+02,9.488e+02
1419,3.414e+02,7.067e+02,9.500e+02
1419,3.442e+02,7.069e+02,9.513e+02
1419,3.471e+02,7.080e+02,9.516e+02
1419,3.499e+02,7.085e+02,9.510e+02
1419,3.528e+02,7.082e+02,9.510e+02
1419,3.556e+02,7.075e+02,9.505e+02
1419,3.585e+02,7.072e+02,9.510e+02
1419,3.613e+02,7.071e+02,9.533e+02
1419,3.642e+02,7.064e+02,9.561e+02
1419,3.670e+02,7.059e+02,9.594e+02
1419,3.699e+02,7.059e+02,9.636e+02
1419,3.727e+02,7.058e+02,9.650e+02
1419,3.755e+02,7.060e+02,9.653e+02
1419,3.784e+02,7.054e+02,9.663e+02
1419,3.812e+02,7.050e+02,9.683e+02
1419,3.841e+02,7.058e+02,9.690e+02
1419,3.869e+02,7.062e+02,9.696e+02
1419,3.898e+02,7.065e+02,9.717e+02
1419,3.926e+02,7.067e+02,9.746e+02
1419,3.955e+02,7.069e+02,9.755e+02
1419,3.983e+02,7.065e+02,9.763e+02
1419,4.011e+02,7.062e+02,9.763e+02
1419,4.040e+02,7.066e+02,9.764e+02
1419,4.068e+02,7.066e+02,9.767e+02
1419,4.097e+02,7.071e+02,9.776e+02
1419,4.125e+02,7.073e+02,9.783e+02
1419,4.154e+02,7.081e+02,9.791e+02
1419,4.182e+02,7.089e+02,9.800e+02
1419,4.211e+02,7.098e+02,9.809e+02
1419,4.239e+02,7.096e+02,9.811e+02
1419,4.268e+02,7.098e+02,9.809e+02
1419,4.296e+02,7.101e+02,9.812e+02
1419,4.324e+02,7.102e+02,9.808e+02
1419,4.353e+02,7.107e+02,9.806e+02
1419,4.381e+02,7.108e+02,9.806e+02
1419,4.410e+02,7.117e+02,9.810e+02
1419,4.438e+02,7.125e+02,9.805e+02
1419,4.467e+02,7.130e+02,9.803e+02
1419,4.495e+02,7.133e+02,9.802e+02
1419,4.524e+02,7.136e+02,9.802e+02
1419,4.552e+02,7.137e+02,9.805e+02
1419,4.580e+02,7.138e+02,9.806e+02
1419,4.609e+02,7.137e+02,9.802e+02
1419,4.637e+02,7.138e+02,9.799e+02
1419,4.666e+02,7.142e+02,9.803e+02
1419,4.694e+02,7.145e+02,9.801e+02
1419,4.723e+02,7.137e+02,9.800e+02
1419,4.751e+02,7.136e+02,9.802e+02
1419,4.780e+02,7.136e+02,9.803e+02
1419,4.808e+02,7.136e+02,9.802e+02
1419,4.837e+02,7.133e+02,9.800e+02
1419,4.865e+02,7.130e+02,9.797e+02
1419,4.893e+02,7.134e+02,9.799e+02
1419,4.922e+02,7.137e+02,9.798e+02
1419,4.950e+02,7.136e+02,9.794e+02
1419,4.979e+02,7.139e+02,9.793e+02
1419,5.007e+02,7.138e+02,9.794e+02
1419,5.036e+02,7.136e+02,9.793e+02
1419,5.064e+02,7.138e+02,9.793e+02
1419,5.093e+02,7.137e+02,9.795e+02
1419,5.121e+02,7.137e+02,9.792e+02
1419,5.149e+02,7.140e+02,9.790e+02
1419,5.178e+02,7.138e+02,9.794e+02
1419,5.206e+02,7.135e+02,9.791e+02
1419,5.235e+02,7.124e+02,9.786e+02
1419,5.263e+02,7.112e+02,9.782e+02
1419,5.292e+02,7.117e+02,9.786e+02
1419,5.320e+02,7.118e+02,9.785e+02
1419,5.349e+02,7.116e+02,9.780e+02
1419,5.377e+02,7.114e+02,9.777e+02
1419,5.406e+02,7.125e+02,9.779e+02
1419,5.434e+02,7.135e+02,9.783e+02
1419,5.462e+02,7.146e+02,9.787e+02
1419,5.491e+02,7.142e+02,9.788e+02
1419,5.519e+02,7.141e+02,9.792e+02
1419,5.548e+02,7.147e+02,9.792e+02
1419,5.576e+02,7.159e+02,9.795e+02
1419,5.605e+02,7.184e+02,9.809e+02
1419,5.633e+02,7.185e+02,9.810e+02
1419,5.662e+02,7.188e+02,9.823e+02
1419,5.690e+02,7.187e+02,9.829e+02
1419,5.718e+02,7.187e+02,9.827e+02
1419,5.747e+02,7.190e+02,9.828e+02
1419,5.775e+02,7.196e+02,9.834e+02
1419,5.804e+02,7.197e+02,9.835e+02
1419,5.832e+02,7.200e+02,9.836e+02
1419,5.861e+02,7.202e+02,9.837e+02
1419,5.889e+02,7.204e+02,9.842e+02
1419,5.918e+02,7.207e+02,9.851e+02
1419,5.946e+02,7.212e+02,9.849e+02
1419,5.975e+02,7.201e+02,9.860e+02
1419,6.003e+02,7.200e+02,9.863e+02
1419,6.031e+02,7.199e+02,9.866e+02
1419,6.060e+02,7.193e+02,9.872e+02
1419,6.088e+02,7.191e+02,9.878e+02
1419,6.117e+02,7.190e+02,9.885e+02
1419,6.145e+02,7.184e+02,9.891e+02
1419,6.174e+02,7.183e+02,9.897e+02
1419,6.202e+02,7.180e+02,9.910e+02
1419,6.231e+02,7.179e+02,9.918e+02
1419,6.259e+02,7.179e+02,9.942e+02
1419,6.287e+02,7.193e+02,9.964e+02
1419,6.316e+02,7.206e+02,9.970e+02
1419,6.344e+02,7.198e+02,9.975e+02
1419,6.373e+02,7.194e+02,9.980e+02
1419,6.401e+02,7.203e+02,9.991e+02
1419,6.487e+02,7.183e+02,9.980e+02
1419,6.515e+02,7.197e+02,9.996e+02
1419,6.600e+02,7.171e+02,9.995e+02
1419,6.714e+02,7.203e+02,9.999e+02
1419,6.828e+02,7.220e+02,1.004e+03
1419,6.885e+02,7.218e+02,1.005e+03
1419,6.942e+02,7.198e+02,1.004e+03
1419,6.970e+02,7.213e+02,1.006e+03
1419,6.999e+02,7.212e+02,1.006e+03
1419,7.027e+02,7.192e+02,1.008e+03
1419,7.056e+02,7.213e+02,1.005e+03
1419,7.084e+02,7.209e+02,1.006e+03
1419,7.112e+02,7.216e+02,1.006e+03
1419,7.141e+02,7.232e+02,1.007e+03
1419,7.169e+02,7.204e+02,1.006e+03
1419,7.198e+02,7.208e+02,1.006e+03
1419,7.226e+02,7.208e+02,1.006e+03
1419,7.255e+02,7.217e+02,1.006e+03
1419,7.283e+02,7.227e+02,1.007e+03
1419,7.340e+02,7.206e+02,1.007e+03
1419,7.397e+02,7.198e+02,1.008e+03
1419,7.454e+02,7.200e+02,1.009e+03
1419,7.482e+02,7.198e+02,1.009e+03
1419,7.539e+02,7.189e+02,1.011e+03
1419,7.596e+02,7.186e+02,1.012e+03
1419,7.625e+02,7.180e+02,1.012e+03
1419,7.653e+02,7.197e+02,1.012e+03
1419,7.682e+02,7.193e+02,1.013e+03
1419,7.710e+02,7.184e+02,1.013e+03
1419,7.738e+02,7.185e+02,1.013e+03
1419,7.767e+02,7.184e+02,1.013e+03
1419,7.795e+02,7.170e+02,1.013e+03
1419,7.824e+02,7.177e+02,1.012e+03
1419,7.852e+02,7.178e+02,1.013e+03
1419,7.881e+02,7.182e+02,1.013e+03
1419,7.909e+02,7.186e+02,1.013e+03
1419,7.938e+02,7.178e+02,1.013e+03
1419,7.966e+02,7.201e+02,1.012e+03
1419,7.994e+02,7.200e+02,1.013e+03
1419,8.023e+02,7.195e+02,1.012e+03
1419,8.051e+02,7.196e+02,1.012e+03
1419,8.108e+02,7.180e+02,1.012e+03
1419,8.137e+02,7.178e+02,1.012e+03
1419,8.165e+02,7.175e+02,1.012e+03
1419,8.194e+02,7.173e+02,1.012e+03
1419,8.222e+02,7.176e+02,1.012e+03
1419,8.251e+02,7.171e+02,1.011e+03
1419,8.279e+02,7.171e+02,1.013e+03
1419,8.307e+02,7.174e+02,1.012e+03
1419,8.336e+02,7.160e+02,1.012e+03
1419,8.364e+02,7.162e+02,1.012e+03
1419,8.393e+02,7.157e+02,1.011e+03
1419,8.421e+02,7.152e+02,1.011e+03
1419,8.450e+02,7.147e+02,1.010e+03
1419,8.478e+02,7.144e+02,1.010e+03
1419,8.507e+02,7.140e+02,1.010e+03
1419,8.535e+02,7.134e+02,1.010e+03
1419,8.563e+02,7.133e+02,1.010e+03
1419,8.592e+02,7.129e+02,1.010e+03
1419,8.620e+02,7.125e+02,1.009e+03
1419,8.649e+02,7.129e+02,1.009e+03
1419,8.677e+02,7.128e+02,1.008e+03
1419,8.706e+02,7.124e+02,1.008e+03
1419,8.734e+02,7.126e+02,1.008e+03
1419,8.763e+02,7.125e+02,1.008e+03
1419,8.791e+02,7.125e+02,1.007e+03
1419,8.820e+02,7.119e+02,1.007e+03
1419,8.848e+02,7.118e+02,1.007e+03
1419,8.876e+02,7.113e+02,1.007e+03
1419,8.905e+02,7.112e+02,1.007e+03
1419,8.933e+02,7.110e+02,1.006e+03
1419,8.962e+02,7.109e+02,1.006e+03
1419,8.990e+02,7.108e+02,1.006e+03
1419,9.019e+02,7.113e+02,1.007e+03
1419,9.047e+02,7.106e+02,1.007e+03
1419,9.076e+02,7.104e+02,1.008e+03
1419,9.104e+02,7.105e+02,1.007e+03
1419,9.132e+02,7.100e+02,1.008e+03
1419,9.161e+02,7.095e+02,1.008e+03
1419,9.189e+02,7.093e+02,1.008e+03
1419,9.218e+02,7.093e+02,1.007e+03
1419,9.246e+02,7.091e+02,1.008e+03
1419,9.275e+02,7.092e+02,1.008e+03
1419,9.303e+02,7.094e+02,1.008e+03
1419,9.332e+02,7.093e+02,1.009e+03
1419,9.360e+02,7.092e+02,1.009e+03
1419,9.389e+02,7.089e+02,1.009e+03
1419,9.417e+02,7.086e+02,1.009e+03
1419,9.445e+02,7.088e+02,1.010e+03
1419,9.474e+02,7.085e+02,1.011e+03
1419,9.502e+02,7.088e+02,1.012e+03
1419,9.531e+02,7.093e+02,1.012e+03
1419,9.559e+02,7.092e+02,1.012e+03
1419,9.588e+02,7.093e+02,1.012e+03
1419,9.616e+02,7.090e+02,1.012e+03
1419,9.645e+02,7.085e+02,1.012e+03
1419,9.673e+02,7.075e+02,1.013e+03
1419,9.701e+02,7.071e+02,1.013e+03
1419,9.730e+02,7.067e+02,1.013e+03
1419,9.758e+02,7.064e+02,1.014e+03
1419,9.787e+02,7.063e+02,1.014e+03
1419,9.815e+02,7.061e+02,1.014e+03
1419,9.844e+02,7.057e+02,1.014e+03
1419,9.872e+02,7.060e+02,1.014e+03
1419,9.901e+02,7.060e+02,1.014e+03
1419,9.929e+02,7.058e+02,1.014e+03
1419,9.958e+02,7.054e+02,1.014e+03
1419,9.986e+02,7.056e+02,1.014e+03
1419,1.001e+03,7.056e+02,1.014e+03
1419,1.004e+03,7.053e+02,1.013e+03
1419,1.007e+03,7.049e+02,1.014e+03
1419,1.010e+03,7.052e+02,1.014e+03
1419,1.013e+03,7.052e+02,1.014e+03
1419,1.016e+03,7.059e+02,1.014e+03
1419,1.019e+03,7.052e+02,1.014e+03
1419,1.021e+03,7.049e+02,1.014e+03
1419,1.024e+03,7.054e+02,1.015e+03
1419,1.027e+03,7.042e+02,1.015e+03
1419,1.030e+03,7.047e+02,1.015e+03
1419,1.033e+03,7.048e+02,1.015e+03
1419,1.036e+03,7.045e+02,1.015e+03
1419,1.038e+03,7.045e+02,1.015e+03
1419,1.041e+03,7.046e+02,1.015e+03
1419,1.044e+03,7.039e+02,1.016e+03
1419,1.047e+03,7.041e+02,1.015e+03
1419,1.050e+03,7.043e+02,1.015e+03
1419,1.053e+03,7.040e+02,1.015e+03
1419,1.055e+03,7.036e+02,1.015e+03
1419,1.058e+03,7.035e+02,1.015e+03
1419,1.061e+03,7.035e+02,1.016e+03
1419,1.064e+03,7.029e+02,1.016e+03
1419,1.067e+03,7.028e+02,1.016e+03
1419,1.070e+03,7.030e+02,1.016e+03
1419,1.073e+03,7.028e+02,1.016e+03
1419,1.075e+03,7.030e+02,1.016e+03
1419,1.078e+03,7.023e+02,1.017e+03
1419,1.081e+03,7.021e+02,1.016e+03
1419,1.084e+03,7.018e+02,1.017e+03
1419,1.087e+03,7.021e+02,1.017e+03
1419,1.090e+03,7.017e+02,1.017e+03
1419,1.092e+03,7.015e+02,1.017e+03
1419,1.095e+03,7.015e+02,1.016e+03
1419,1.098e+03,7.014e+02,1.016e+03
1419,1.101e+03,7.013e+02,1.016e+03
1419,1.104e+03,7.008e+02,1.017e+03
1419,1.107e+03,7.009e+02,1.016e+03
1419,1.110e+03,7.003e+02,1.017e+03
1419,1.112e+03,6.996e+02,1.017e+03
1419,1.115e+03,6.992e+02,1.018e+03
1419,1.118e+03,6.985e+02,1.018e+03
1419,1.121e+03,6.979e+02,1.018e+03
1419,1.124e+03,6.968e+02,1.019e+03
1419,1.127e+03,6.963e+02,1.019e+03
1419,1.129e+03,6.967e+02,1.019e+03
1419,1.132e+03,6.961e+02,1.019e+03
1419,1.135e+03,6.957e+02,1.019e+03
1419,1.138e+03,6.959e+02,1.019e+03
1419,1.141e+03,6.954e+02,1.019e+03
1419,1.144e+03,6.953e+02,1.019e+03
1419,1.147e+03,6.948e+02,1.020e+03
1419,1.149e+03,6.958e+02,1.019e+03
1419,1.152e+03,6.948e+02,1.019e+03
1419,1.155e+03,6.961e+02,1.018e+03
1419,1.158e+03,6.953e+02,1.018e+03
1419,1.161e+03,6.962e+02,1.018e+03
1419,1.164e+03,6.956e+02,1.017e+03
1419,1.166e+03,6.974e+02,1.016e+03
1419,1.169e+03,6.964e+02,1.017e+03
1419,1.172e+03,6.967e+02,1.017e+03
1419,1.175e+03,6.961e+02,1.017e+03
1419,1.178e+03,6.988e+02,1.015e+03
1419,1.181e+03,6.986e+02,1.014e+03
1419,1.184e+03,6.986e+02,1.014e+03
1419,1.186e+03,6.993e+02,1.014e+03
1419,1.189e+03,6.994e+02,1.015e+03
1419,1.195e+03,6.989e+02,1.015e+03
1419,1.198e+03,6.969e+02,1.017e+03
1419,1.201e+03,6.973e+02,1.018e+03
1419,1.206e+03,6.952e+02,1.018e+03
1419,1.209e+03,6.953e+02,1.019e+03
1419,1.215e+03,6.962e+02,1.018e+03
1419,1.218e+03,7.001e+02,1.013e+03
1419,1.221e+03,7.005e+02,1.013e+03
1419,1.223e+03,7.006e+02,1.013e+03
1419,1.226e+03,7.009e+02,1.013e+03
1419,1.229e+03,7.013e+02,1.014e+03
1419,1.232e+03,7.011e+02,1.014e+03
1419,1.235e+03,7.018e+02,1.014e+03
1419,1.238e+03,7.016e+02,1.014e+03
1419,1.240e+03,7.022e+02,1.013e+03
1419,1.243e+03,7.021e+02,1.013e+03
1419,1.246e+03,7.020e+02,1.013e+03
1419,1.249e+03,7.023e+02,1.013e+03
1419,1.252e+03,7.015e+02,1.013e+03
1419,1.255e+03,7.016e+02,1.013e+03
1419,1.257e+03,7.018e+02,1.013e+03
1419,1.260e+03,7.021e+02,1.013e+03
1419,1.263e+03,7.022e+02,1.012e+03
1419,1.266e+03,7.003e+02,1.010e+03
1419,1.269e+03,7.032e+02,1.010e+03
1419,1.272e+03,7.036e+02,1.010e+03
1419,1.275e+03,7.039e+02,1.010e+03
1419,1.277e+03,7.006e+02,1.009e+03
1419,1.280e+03,7.036e+02,1.010e+03
1419,1.283e+03,7.044e+02,1.010e+03
1419,1.286e+03,7.041e+02,1.010e+03
1419,1.289e+03,7.048e+02,1.010e+03
1419,1.292e+03,7.053e+02,1.010e+03
1419,1.294e+03,7.058e+02,1.010e+03
1419,1.297e+03,7.058e+02,1.010e+03
1419,1.300e+03,7.069e+02,1.010e+03
1419,1.303e+03,7.076e+02,1.009e+03
1419,1.306e+03,7.081e+02,1.009e+03
1419,1.309e+03,7.087e+02,1.009e+03
1419,1.312e+03,7.092e+02,1.009e+03
1419,1.314e+03,7.092e+02,1.009e+03
1419,1.317e+03,7.097e+02,1.009e+03
1419,1.320e+03,7.100e+02,1.009e+03
1419,1.323e+03,7.098e+02,1.009e+03
1419,1.326e+03,7.103e+02,1.009e+03
1419,1.329e+03,7.104e+02,1.008e+03
1419,1.331e+03,7.107e+02,1.008e+03
1419,1.334e+03,7.107e+02,1.008e+03
1419,1.337e+03,7.107e+02,1.007e+03
1419,1.340e+03,7.110e+02,1.007e+03
1419,1.343e+03,7.112e+02,1.006e+03
1419,1.346e+03,7.112e+02,1.006e+03
1419,1.349e+03,7.114e+02,1.006e+03
1419,1.351e+03,7.113e+02,1.006e+03
1419,1.354e+03,7.116e+02,1.006e+03
1419,1.357e+03,7.114e+02,1.006e+03
1419,1.360e+03,7.116e+02,1.006e+03
1419,1.363e+03,7.115e+02,1.006e+03
1419,1.366e+03,7.119e+02,1.006e+03
1419,1.368e+03,7.120e+02,1.006e+03
1419,1.371e+03,7.126e+02,1.006e+03
1419,1.374e+03,7.125e+02,1.005e+03
1419,1.377e+03,7.127e+02,1.006e+03
1419,1.380e+03,7.128e+02,1.006e+03
1419,1.383e+03,7.127e+02,1.006e+03
1419,1.386e+03,7.123e+02,1.006e+03
1419,1.388e+03,7.124e+02,1.006e+03
1419,1.391e+03,7.124e+02,1.006e+03
1419,1.394e+03,7.125e+02,1.006e+03
1419,1.397e+03,7.129e+02,1.005e+03
1419,1.400e+03,7.128e+02,1.005e+03
1419,1.403e+03,7.128e+02,1.005e+03
1419,1.405e+03,7.127e+02,1.005e+03
1419,1.408e+03,7.130e+02,1.004e+03
1419,1.411e+03,7.126e+02,1.004e+03
1419,1.414e+03,7.126e+02,1.003e+03
1419,1.417e+03,7.126e+02,1.003e+03
1419,1.420e+03,7.125e+02,1.002e+03
1419,1.422e+03,7.122e+02,1.002e+03
1419,1.425e+03,7.119e+02,1.002e+03
1419,1.428e+03,7.120e+02,1.002e+03
1419,1.431e+03,7.119e+02,1.002e+03
1419,1.434e+03,7.116e+02,1.001e+03
1419,1.437e+03,7.115e+02,1.001e+03
1419,1.440e+03,7.114e+02,1.001e+03
1419,1.442e+03,7.113e+02,1.000e+03
1419,1.445e+03,7.109e+02,1.000e+03
1419,1.448e+03,7.107e+02,1.000e+03
1419,1.451e+03,7.107e+02,1.000e+03
1419,1.454e+03,7.108e+02,1.000e+03
1419,1.457e+03,7.109e+02,1.000e+03
1419,1.459e+03,7.108e+02,1.000e+03
1419,1.462e+03,7.108e+02,1.000e+03
1419,1.465e+03,7.109e+02,1.000e+03
1419,1.468e+03,7.109e+02,1.001e+03
1419,1.471e+03,7.100e+02,1.000e+03
1419,1.474e+03,7.099e+02,1.000e+03
1419,1.477e+03,7.091e+02,1.000e+03
1419,1.479e+03,7.085e+02,1.001e+03
1419,1.482e+03,7.089e+02,1.001e+03
1419,1.485e+03,7.089e+02,1.001e+03
1419,1.488e+03,7.084e+02,1.001e+03
1419,1.491e+03,7.086e+02,1.001e+03
1419,1.494e+03,7.087e+02,1.001e+03
1419,1.496e+03,7.092e+02,1.001e+03
1419,1.499e+03,7.092e+02,1.002e+03
1419,1.502e+03,7.091e+02,1.002e+03
1419,1.505e+03,7.093e+02,1.002e+03
1419,1.508e+03,7.093e+02,1.001e+03
1419,1.511e+03,7.084e+02,1.001e+03
1419,1.514e+03,7.079e+02,1.000e+03
1419,1.516e+03,7.071e+02,9.996e+02
1419,1.519e+03,7.067e+02,9.995e+02
1419,1.522e+03,7.073e+02,9.991e+02
1419,1.525e+03,7.067e+02,9.988e+02
1419,1.528e+03,7.066e+02,9.986e+02
1419,1.531e+03,7.066e+02,9.989e+02
1419,1.533e+03,7.065e+02,9.986e+02
1419,1.536e+03,7.060e+02,9.982e+02
1419,1.539e+03,7.045e+02,9.979e+02
1419,1.542e+03,7.040e+02,9.979e+02
1419,1.545e+03,7.044e+02,9.979e+02
1419,1.548e+03,7.041e+02,9.979e+02
1419,1.551e+03,7.036e+02,9.975e+02
1419,1.553e+03,7.028e+02,9.969e+02
1419,1.556e+03,7.027e+02,9.969e+02
1419,1.559e+03,7.015e+02,9.971e+02
1419,1.562e+03,7.002e+02,9.978e+02
1419,1.565e+03,6.991e+02,9.979e+02
1419,1.568e+03,6.987e+02,9.979e+02
1419,1.570e+03,6.987e+02,9.979e+02
1419,1.573e+03,6.982e+02,9.980e+02
1419,1.576e+03,6.975e+02,9.984e+02
1419,1.579e+03,6.976e+02,9.986e+02
1419,1.582e+03,6.970e+02,9.988e+02
1419,1.585e+03,6.967e+02,9.990e+02
1419,1.588e+03,6.967e+02,9.993e+02
1419,1.590e+03,6.963e+02,1.000e+03
1419,1.593e+03,6.967e+02,9.999e+02
1419,1.596e+03,6.974e+02,9.994e+02
1419,1.599e+03,6.973e+02,9.991e+02
1419,1.602e+03,6.967e+02,9.992e+02
1419,1.605e+03,6.964e+02,9.993e+02
1419,1.607e+03,6.961e+02,9.998e+02
1419,1.610e+03,6.959e+02,9.999e+02
1419,1.613e+03,6.958e+02,9.999e+02
1419,1.616e+03,6.958e+02,9.999e+02
1419,1.619e+03,6.956e+02,1.000e+03
1419,1.622e+03,6.955e+02,1.000e+03
1419,1.624e+03,6.955e+02,1.000e+03
1419,1.627e+03,6.955e+02,1.000e+03
1419,1.630e+03,6.953e+02,1.000e+03
1419,1.633e+03,6.952e+02,1.000e+03
1419,1.636e+03,6.951e+02,1.000e+03
1419,1.639e+03,6.948e+02,1.000e+03
1419,1.642e+03,6.943e+02,1.000e+03
1419,1.644e+03,6.945e+02,1.000e+03
1419,1.647e+03,6.947e+02,1.000e+03
1419,1.650e+03,6.950e+02,1.000e+03
1419,1.653e+03,6.956e+02,1.000e+03
1419,1.656e+03,6.964e+02,1.000e+03
1419,1.659e+03,6.965e+02,1.001e+03
1419,1.661e+03,6.966e+02,1.001e+03
1419,1.664e+03,6.967e+02,1.001e+03
1419,1.667e+03,6.969e+02,1.001e+03
1419,1.670e+03,6.969e+02,1.000e+03
1419,1.673e+03,6.971e+02,1.000e+03
1419,1.676e+03,6.969e+02,1.000e+03
1419,1.679e+03,6.972e+02,1.000e+03
1419,1.681e+03,6.970e+02,1.000e+03
1419,1.684e+03,6.972e+02,1.000e+03
1419,1.687e+03,6.974e+02,1.000e+03
1419,1.690e+03,6.974e+02,1.001e+03
1419,1.693e+03,6.977e+02,1.000e+03
1419,1.696e+03,6.980e+02,9.999e+02
1419,1.698e+03,6.981e+02,9.997e+02
1419,1.701e+03,6.983e+02,9.997e+02
1419,1.704e+03,6.983e+02,9.993e+02
1419,1.707e+03,6.989e+02,9.992e+02
1419,1.710e+03,6.996e+02,9.988e+02
1419,1.713e+03,6.999e+02,9.989e+02
1419,1.716e+03,6.997e+02,9.981e+02
1419,1.718e+03,6.994e+02,9.980e+02
1419,1.721e+03,6.991e+02,9.981e+02
1419,1.724e+03,6.990e+02,9.977e+02
1419,1.727e+03,6.993e+02,9.968e+02
1419,1.730e+03,6.991e+02,9.974e+02
1419,1.733e+03,6.992e+02,9.969e+02
1419,1.735e+03,6.996e+02,9.967e+02
1419,1.738e+03,6.996e+02,9.968e+02
1419,1.741e+03,6.996e+02,9.967e+02
1419,1.744e+03,7.000e+02,9.966e+02
1419,1.747e+03,6.995e+02,9.967e+02
1419,1.750e+03,6.997e+02,9.969e+02
1419,1.753e+03,6.999e+02,9.972e+02
1419,1.755e+03,6.998e+02,9.970e+02
1419,1.758e+03,7.005e+02,9.971e+02
1419,1.761e+03,7.004e+02,9.971e+02
1419,1.764e+03,7.005e+02,9.971e+02
1419,1.767e+03,7.007e+02,9.967e+02
1419,1.770e+03,7.009e+02,9.970e+02
1419,1.772e+03,7.010e+02,9.973e+02
1419,1.775e+03,7.002e+02,9.980e+02
1419,1.778e+03,7.001e+02,9.985e+02
1419,1.781e+03,7.000e+02,9.989e+02
1419,1.784e+03,6.997e+02,9.996e+02
1419,1.787e+03,6.996e+02,1.000e+03
1419,1.790e+03,6.995e+02,1.001e+03
1419,1.792e+03,7.000e+02,1.001e+03
1419,1.795e+03,7.003e+02,1.001e+03
1419,1.798e+03,7.006e+02,1.001e+03
1464,2.845e+00,2.250e+02,9.436e+02
1464,5.690e+00,2.248e+02,9.435e+02
1464,8.535e+00,2.247e+02,9.436e+02
1464,1.138e+01,2.247e+02,9.435e+02
1464,1.423e+01,2.246e+02,9.436e+02
1464,1.707e+01,2.247e+02,9.435e+02
1464,1.992e+01,2.250e+02,9.434e+02
1464,2.276e+01,2.248e+02,9.435e+02
1464,2.561e+01,2.249e+02,9.435e+02
1464,2.845e+01,2.248e+02,9.434e+02
1464,3.130e+01,2.248e+02,9.433e+02
1464,3.414e+01,2.249e+02,9.433e+02
1464,3.698e+01,2.250e+02,9.433e+02
1464,3.983e+01,2.251e+02,9.432e+02
1464,4.268e+01,2.252e+02,9.432e+02
1464,4.552e+01,2.252e+02,9.433e+02
1464,4.837e+01,2.251e+02,9.430e+02
1464,5.121e+01,2.253e+02,9.430e+02
1464,5.406e+01,2.253e+02,9.429e+02
1464,5.690e+01,2.255e+02,9.430e+02
1464,5.975e+01,2.254e+02,9.431e+02
1464,6.259e+01,2.256e+02,9.430e+02
1464,6.544e+01,2.255e+02,9.432e+02
1464,6.828e+01,2.254e+02,9.429e+02
1464,7.112e+01,2.254e+02,9.432e+02
1464,7.397e+01,2.254e+02,9.433e+02
1464,7.682e+01,2.255e+02,9.431e+02
1464,7.966e+01,2.254e+02,9.427e+02
1464,8.251e+01,2.254e+02,9.426e+02
1464,8.535e+01,2.254e+02,9.426e+02
1464,8.820e+01,2.254e+02,9.426e+02
1464,9.104e+01,2.254e+02,9.424e+02
1464,9.389e+01,2.253e+02,9.424e+02
1464,9.673e+01,2.253e+02,9.425e+02
1464,9.958e+01,2.253e+02,9.425e+02
1464,1.024e+02,2.253e+02,9.426e+02
1464,1.053e+02,2.250e+02,9.428e+02
1464,1.081e+02,2.253e+02,9.427e+02
1464,1.110e+02,2.253e+02,9.427e+02
1464,1.138e+02,2.254e+02,9.425e+02
1464,1.166e+02,2.252e+02,9.423e+02
1464,1.195e+02,2.252e+02,9.424e+02
1464,1.223e+02,2.252e+02,9.421e+02
1464,1.252e+02,2.252e+02,9.422e+02
1464,1.280e+02,2.251e+02,9.421e+02
1464,1.309e+02,2.252e+02,9.419e+02
1464,1.337e+02,2.252e+02,9.420e+02
1464,1.366e+02,2.254e+02,9.419e+02
1464,1.394e+02,2.252e+02,9.417e+02
1464,1.422e+02,2.252e+02,9.416e+02
1464,1.451e+02,2.254e+02,9.416e+02
1464,1.479e+02,2.253e+02,9.417e+02
1464,1.508e+02,2.255e+02,9.415e+02
1464,1.536e+02,2.256e+02,9.415e+02
1464,1.565e+02,2.256e+02,9.416e+02
1464,1.593e+02,2.253e+02,9.416e+02
1464,1.622e+02,2.254e+02,9.417e+02
1464,1.650e+02,2.255e+02,9.417e+02
1464,1.679e+02,2.254e+02,9.415e+02
1464,1.707e+02,2.255e+02,9.414e+02
1464,1.735e+02,2.256e+02,9.412e+02
1464,1.764e+02,2.256e+02,9.414e+02
1464,1.792e+02,2.257e+02,9.414e+02
1464,1.821e+02,2.257e+02,9.415e+02
1464,1.849e+02,2.257e+02,9.417e+02
1464,1.878e+02,2.257e+02,9.418e+02
1464,1.906e+02,2.255e+02,9.416e+02
1464,1.935e+02,2.257e+02,9.417e+02
1464,1.963e+02,2.257e+02,9.416e+02
1464,1.992e+02,2.256e+02,9.414e+02
1464,2.020e+02,2.257e+02,9.414e+02
1464,2.048e+02,2.257e+02,9.414e+02
1464,2.077e+02,2.257e+02,9.414e+02
1464,2.105e+02,2.257e+02,9.412e+02
1464,2.134e+02,2.257e+02,9.413e+02
1464,2.162e+02,2.257e+02,9.413e+02
1464,2.191e+02,2.256e+02,9.413e+02
1464,2.219e+02,2.255e+02,9.414e+02
1464,2.248e+02,2.257e+02,9.412e+02
1464,2.276e+02,2.256e+02,9.412e+02
1464,2.304e+02,2.257e+02,9.414e+02
1464,2.333e+02,2.255e+02,9.413e+02
1464,2.361e+02,2.255e+02,9.414e+02
1464,2.390e+02,2.256e+02,9.416e+02
1464,2.418e+02,2.255e+02,9.416e+02
1464,2.447e+02,2.256e+02,9.416e+02
1464,2.475e+02,2.255e+02,9.416e+02
1464,2.504e+02,2.255e+02,9.415e+02
1464,2.532e+02,2.255e+02,9.413e+02
1464,2.561e+02,2.254e+02,9.413e+02
1464,2.589e+02,2.254e+02,9.412e+02
1464,2.617e+02,2.253e+02,9.411e+02
1464,2.646e+02,2.255e+02,9.410e+02
1464,2.674e+02,2.253e+02,9.413e+02
1464,2.703e+02,2.255e+02,9.410e+02
1464,2.731e+02,2.255e+02,9.409e+02
1464,2.760e+02,2.257e+02,9.408e+02
1464,2.788e+02,2.256e+02,9.408e+02
1464,2.817e+02,2.255e+02,9.408e+02
1464,2.845e+02,2.255e+02,9.407e+02
1464,2.873e+02,2.252e+02,9.410e+02
1464,2.902e+02,2.254e+02,9.407e+02
1464,2.930e+02,2.254e+02,9.407e+02
1464,2.959e+02,2.255e+02,9.408e+02
1464,2.987e+02,2.256e+02,9.408e+02
1464,3.016e+02,2.254e+02,9.406e+02
1464,3.044e+02,2.255e+02,9.408e+02
1464,3.073e+02,2.255e+02,9.409e+02
1464,3.101e+02,2.256e+02,9.407e+02
1464,3.130e+02,2.257e+02,9.410e+02
1464,3.158e+02,2.256e+02,9.409e+02
1464,3.186e+02,2.257e+02,9.409e+02
1464,3.215e+02,2.255e+02,9.408e+02
1464,3.243e+02,2.256e+02,9.408e+02
1464,3.272e+02,2.257e+02,9.407e+02
1464,3.300e+02,2.258e+02,9.405e+02
1464,3.329e+02,2.257e+02,9.406e+02
1464,3.357e+02,2.256e+02,9.406e+02
1464,3.386e+02,2.254e+02,9.406e+02
1464,3.414e+02,2.256e+02,9.407e+02
1464,3.442e+02,2.256e+02,9.409e+02
1464,3.471e+02,2.254e+02,9.409e+02
1464,3.499e+02,2.256e+02,9.409e+02
1464,3.528e+02,2.254e+02,9.409e+02
1464,3.556e+02,2.253e+02,9.405e+02
1464,3.585e+02,2.257e+02,9.403e+02
1464,3.613e+02,2.258e+02,9.401e+02
1464,3.642e+02,2.252e+02,9.401e+02
1464,3.670e+02,2.251e+02,9.400e+02
1464,3.699e+02,2.253e+02,9.402e+02
1464,3.727e+02,2.249e+02,9.404e+02
1464,3.755e+02,2.255e+02,9.405e+02
1464,3.784e+02,2.256e+02,9.405e+02
1464,3.812e+02,2.255e+02,9.405e+02
1464,3.841e+02,2.255e+02,9.404e+02
1464,3.869e+02,2.255e+02,9.404e+02
1464,3.898e+02,2.255e+02,9.404e+02
1464,3.926e+02,2.252e+02,9.405e+02
1464,3.955e+02,2.251e+02,9.404e+02
1464,3.983e+02,2.250e+02,9.404e+02
1464,4.011e+02,2.241e+02,9.395e+02
1464,4.040e+02,2.234e+02,9.389e+02
1464,4.068e+02,2.234e+02,9.394e+02
1464,4.097e+02,2.217e+02,9.399e+02
1464,4.125e+02,2.212e+02,9.400e+02
1464,4.154e+02,2.212e+02,9.402e+02
1464,4.182e+02,2.207e+02,9.409e+02
1464,4.211e+02,2.206e+02,9.403e+02
1464,4.239e+02,2.207e+02,9.405e+02
1464,4.268e+02,2.215e+02,9.415e+02
1464,4.296e+02,2.236e+02,9.429e+02
1464,4.324e+02,2.233e+02,9.448e+02
1464,4.353e+02,2.237e+02,9.465e+02
1464,4.381e+02,2.243e+02,9.477e+02
1464,4.410e+02,2.245e+02,9.482e+02
1464,4.438e+02,2.251e+02,9.484e+02
1464,4.467e+02,2.256e+02,9.490e+02
1464,4.495e+02,2.259e+02,9.499e+02
1464,4.524e+02,2.269e+02,9.509e+02
1464,4.552e+02,2.283e+02,9.509e+02
1464,4.580e+02,2.284e+02,9.508e+02
1464,4.609e+02,2.285e+02,9.509e+02
1464,4.637e+02,2.286e+02,9.508e+02
1464,4.666e+02,2.292e+02,9.513e+02
1464,4.694e+02,2.308e+02,9.521e+02
1464,4.723e+02,2.311e+02,9.525e+02
1464,4.751e+02,2.316e+02,9.526e+02
1464,4.780e+02,2.320e+02,9.529e+02
1464,4.808e+02,2.323e+02,9.530e+02
1464,4.837e+02,2.321e+02,9.530e+02
1464,4.865e+02,2.324e+02,9.531e+02
1464,4.893e+02,2.327e+02,9.532e+02
1464,4.922e+02,2.322e+02,9.533e+02
1464,4.950e+02,2.315e+02,9.532e+02
1464,4.979e+02,2.316e+02,9.533e+02
1464,5.007e+02,2.311e+02,9.533e+02
1464,5.036e+02,2.310e+02,9.534e+02
1464,5.064e+02,2.314e+02,9.535e+02
1464,5.093e+02,2.311e+02,9.534e+02
1464,5.121e+02,2.312e+02,9.534e+02
1464,5.149e+02,2.313e+02,9.536e+02
1464,5.178e+02,2.318e+02,9.534e+02
1464,5.206e+02,2.319e+02,9.536e+02
1464,5.235e+02,2.320e+02,9.535e+02
1464,5.263e+02,2.318e+02,9.534e+02
1464,5.292e+02,2.318e+02,9.535e+02
1464,5.320e+02,2.315e+02,9.534e+02
1464,5.349e+02,2.315e+02,9.535e+02
1464,5.377e+02,2.316e+02,9.535e+02
1464,5.406e+02,2.316e+02,9.535e+02
1464,5.434e+02,2.319e+02,9.536e+02
1464,5.462e+02,2.320e+02,9.537e+02
1464,5.491e+02,2.323e+02,9.536e+02
1464,5.519e+02,2.326e+02,9.538e+02
1464,5.548e+02,2.327e+02,9.539e+02
1464,5.576e+02,2.321e+02,9.535e+02
1464,5.605e+02,2.320e+02,9.538e+02
1464,5.633e+02,2.321e+02,9.534e+02
1464,5.662e+02,2.319e+02,9.536e+02
1464,5.690e+02,2.322e+02,9.537e+02
1464,5.718e+02,2.317e+02,9.535e+02
1464,5.747e+02,2.321e+02,9.534e+02
1464,5.775e+02,2.322e+02,9.536e+02
1464,5.804e+02,2.321e+02,9.538e+02
1464,5.832e+02,2.321e+02,9.539e+02
1464,5.861e+02,2.322e+02,9.537e+02
1464,5.889e+02,2.321e+02,9.536e+02
1464,5.918e+02,2.318e+02,9.532e+02
1464,5.946e+02,2.323e+02,9.534e+02
1464,5.975e+02,2.318e+02,9.540e+02
1464,6.003e+02,2.318e+02,9.542e+02
1464,6.031e+02,2.319e+02,9.543e+02
1464,6.060e+02,2.318e+02,9.541e+02
1464,6.088e+02,2.318e+02,9.541e+02
1464,6.117e+02,2.318e+02,9.537e+02
1464,6.145e+02,2.318e+02,9.540e+02
1464,6.174e+02,2.320e+02,9.539e+02
1464,6.202e+02,2.319e+02,9.537e+02
1464,6.231e+02,2.324e+02,9.538e+02
1464,6.259e+02,2.327e+02,9.543e+02
1464,6.287e+02,2.327e+02,9.542e+02
1464,6.316e+02,2.319e+02,9.534e+02
1464,6.344e+02,2.320e+02,9.532e+02
1464,6.373e+02,2.318e+02,9.535e+02
1464,6.401e+02,2.322e+02,9.533e+02
1464,6.430e+02,2.320e+02,9.534e+02
1464,6.458e+02,2.324e+02,9.529e+02
1464,6.487e+02,2.322e+02,9.534e+02
1464,6.515e+02,2.323e+02,9.530e+02
1464,6.544e+02,2.327e+02,9.563e+02
1464,6.572e+02,2.326e+02,9.537e+02
1464,6.600e+02,2.327e+02,9.538e+02
1464,6.629e+02,2.326e+02,9.536e+02
1464,6.657e+02,2.326e+02,9.540e+02
1464,6.686e+02,2.328e+02,9.544e+02
1464,6.714e+02,2.355e+02,9.537e+02
1464,6.743e+02,2.358e+02,9.540e+02
1464,6.771e+02,2.364e+02,9.542e+02
1464,6.800e+02,2.374e+02,9.553e+02
1464,6.828e+02,2.373e+02,9.558e+02
1464,6.856e+02,2.378e+02,9.567e+02
1464,6.885e+02,2.372e+02,9.569e+02
1464,6.913e+02,2.375e+02,9.575e+02
1464,6.942e+02,2.372e+02,9.571e+02
1464,6.970e+02,2.376e+02,9.578e+02
1464,6.999e+02,2.377e+02,9.578e+02
1464,7.027e+02,2.379e+02,9.587e+02
1464,7.056e+02,2.375e+02,9.594e+02
1464,7.084e+02,2.375e+02,9.600e+02
1464,7.112e+02,2.370e+02,9.608e+02
1464,7.141e+02,2.368e+02,9.610e+02
1464,7.169e+02,2.364e+02,9.616e+02
1464,7.198e+02,2.366e+02,9.619e+02
1464,7.226e+02,2.371e+02,9.633e+02
1464,7.255e+02,2.368e+02,9.643e+02
1464,7.283e+02,2.366e+02,9.654e+02
1464,7.312e+02,2.371e+02,9.654e+02
1464,7.340e+02,2.369e+02,9.658e+02
1464,7.369e+02,2.369e+02,9.657e+02
1464,7.397e+02,2.367e+02,9.658e+02
1464,7.425e+02,2.371e+02,9.659e+02
1464,7.454e+02,2.376e+02,9.659e+02
1464,7.482e+02,2.376e+02,9.660e+02
1464,7.511e+02,2.374e+02,9.664e+02
1464,7.539e+02,2.376e+02,9.660e+02
1464,7.568e+02,2.377e+02,9.660e+02
1464,7.596e+02,2.376e+02,9.664e+02
1464,7.625e+02,2.377e+02,9.660e+02
1464,7.653e+02,2.380e+02,9.661e+02
1464,7.682e+02,2.377e+02,9.662e+02
1464,7.710e+02,2.379e+02,9.667e+02
1464,7.738e+02,2.380e+02,9.669e+02
1464,7.767e+02,2.378e+02,9.668e+02
1464,7.795e+02,2.378e+02,9.665e+02
1464,7.824e+02,2.378e+02,9.662e+02
1464,7.852e+02,2.379e+02,9.660e+02
1464,7.881e+02,2.377e+02,9.664e+02
1464,7.909e+02,2.376e+02,9.664e+02
1464,7.938e+02,2.375e+02,9.661e+02
1464,7.966e+02,2.374e+02,9.659e+02
1464,7.994e+02,2.376e+02,9.659e+02
1464,8.023e+02,2.376e+02,9.664e+02
1464,8.051e+02,2.377e+02,9.660e+02
1464,8.080e+02,2.376e+02,9.663e+02
1464,8.108e+02,2.378e+02,9.662e+02
1464,8.137e+02,2.374e+02,9.664e+02
1464,8.165e+02,2.375e+02,9.655e+02
1464,8.194e+02,2.375e+02,9.664e+02
1464,8.222e+02,2.384e+02,9.666e+02
1464,8.251e+02,2.391e+02,9.667e+02
1464,8.279e+02,2.386e+02,9.663e+02
1464,8.307e+02,2.387e+02,9.665e+02
1464,8.336e+02,2.387e+02,9.664e+02
1464,8.364e+02,2.380e+02,9.661e+02
1464,8.393e+02,2.380e+02,9.659e+02
1464,8.421e+02,2.381e+02,9.665e+02
1464,8.450e+02,2.382e+02,9.662e+02
1464,8.478e+02,2.386e+02,9.662e+02
1464,8.507e+02,2.382e+02,9.661e+02
1464,8.535e+02,2.379e+02,9.662e+02
1464,8.563e+02,2.383e+02,9.661e+02
1464,8.592e+02,2.384e+02,9.663e+02
1464,8.620e+02,2.387e+02,9.667e+02
1464,8.649e+02,2.387e+02,9.667e+02
1464,8.677e+02,2.394e+02,9.673e+02
1464,8.706e+02,2.389e+02,9.667e+02
1464,8.734e+02,2.388e+02,9.668e+02
1464,8.763e+02,2.391e+02,9.665e+02
1464,8.791e+02,2.391e+02,9.661e+02
1464,8.820e+02,2.390e+02,9.664e+02
1464,8.848e+02,2.395e+02,9.664e+02
1464,8.876e+02,2.394e+02,9.666e+02
1464,8.905e+02,2.393e+02,9.666e+02
1464,8.933e+02,2.390e+02,9.668e+02
1464,8.962e+02,2.389e+02,9.668e+02
1464,8.990e+02,2.383e+02,9.666e+02
1464,9.019e+02,2.388e+02,9.668e+02
1464,9.047e+02,2.380e+02,9.666e+02
1464,9.076e+02,2.375e+02,9.666e+02
1464,9.104e+02,2.374e+02,9.666e+02
1464,9.132e+02,2.379e+02,9.667e+02
1464,9.161e+02,2.374e+02,9.665e+02
1464,9.189e+02,2.374e+02,9.667e+02
1464,9.218e+02,2.377e+02,9.668e+02
1464,9.246e+02,2.376e+02,9.665e+02
1464,9.275e+02,2.376e+02,9.665e+02
1464,9.303e+02,2.379e+02,9.664e+02
1464,9.332e+02,2.376e+02,9.662e+02
1464,9.360e+02,2.383e+02,9.662e+02
1464,9.389e+02,2.385e+02,9.666e+02
1464,9.417e+02,2.382e+02,9.671e+02
1464,9.445e+02,2.379e+02,9.675e+02
1464,9.474e+02,2.380e+02,9.676e+02
1464,9.502e+02,2.381e+02,9.673e+02
1464,9.531e+02,2.384e+02,9.675e+02
1464,9.559e+02,2.384e+02,9.675e+02
1464,9.588e+02,2.387e+02,9.674e+02
1464,9.616e+02,2.384e+02,9.675e+02
1464,9.645e+02,2.383e+02,9.671e+02
1464,9.673e+02,2.386e+02,9.674e+02
1464,9.701e+02,2.385e+02,9.676e+02
1464,9.730e+02,2.385e+02,9.674e+02
1464,9.758e+02,2.384e+02,9.676e+02
1464,9.787e+02,2.383e+02,9.674e+02
1464,9.815e+02,2.381e+02,9.674e+02
1464,9.844e+02,2.378e+02,9.676e+02
1464,9.872e+02,2.379e+02,9.675e+02
1464,9.901e+02,2.378e+02,9.675e+02
1464,9.929e+02,2.382e+02,9.675e+02
1464,9.958e+02,2.381e+02,9.677e+02
1464,9.986e+02,2.380e+02,9.676e+02
1464,1.001e+03,2.380e+02,9.676e+02
1464,1.004e+03,2.382e+02,9.675e+02
1464,1.007e+03,2.382e+02,9.678e+02
1464,1.010e+03,2.384e+02,9.676e+02
1464,1.013e+03,2.382e+02,9.675e+02
1464,1.016e+03,2.385e+02,9.673e+02
1464,1.019e+03,2.385e+02,9.676e+02
1464,1.021e+03,2.384e+02,9.673e+02
1464,1.024e+03,2.386e+02,9.678e+02
1464,1.027e+03,2.388e+02,9.679e+02
1464,1.030e+03,2.384e+02,9.677e+02
1464,1.033e+03,2.381e+02,9.680e+02
1464,1.036e+03,2.385e+02,9.676e+02
1464,1.038e+03,2.385e+02,9.679e+02
1464,1.041e+03,2.381e+02,9.681e+02
1464,1.044e+03,2.383e+02,9.678e+02
1464,1.047e+03,2.384e+02,9.679e+02
1464,1.050e+03,2.383e+02,9.680e+02
1464,1.053e+03,2.383e+02,9.676e+02
1464,1.055e+03,2.388e+02,9.677e+02
1464,1.058e+03,2.386e+02,9.678e+02
1464,1.061e+03,2.387e+02,9.678e+02
1464,1.064e+03,2.383e+02,9.680e+02
1464,1.067e+03,2.383e+02,9.682e+02
1464,1.070e+03,2.383e+02,9.680e+02
1464,1.073e+03,2.380e+02,9.681e+02
1464,1.075e+03,2.380e+02,9.681e+02
1464,1.078e+03,2.381e+02,9.681e+02
1464,1.081e+03,2.379e+02,9.683e+02
1464,1.084e+03,2.376e+02,9.683e+02
1464,1.087e+03,2.378e+02,9.684e+02
1464,1.090e+03,2.374e+02,9.683e+02
1464,1.092e+03,2.367e+02,9.682e+02
1464,1.095e+03,2.365e+02,9.686e+02
1464,1.098e+03,2.365e+02,9.682e+02
1464,1.101e+03,2.367e+02,9.684e+02
1464,1.104e+03,2.364e+02,9.687e+02
1464,1.107e+03,2.366e+02,9.690e+02
1464,1.110e+03,2.366e+02,9.690e+02
1464,1.112e+03,2.359e+02,9.691e+02
1464,1.115e+03,2.359e+02,9.693e+02
1464,1.118e+03,2.359e+02,9.693e+02
1464,1.121e+03,2.359e+02,9.691e+02
1464,1.124e+03,2.359e+02,9.691e+02
1464,1.127e+03,2.358e+02,9.691e+02
1464,1.129e+03,2.362e+02,9.690e+02
1464,1.132e+03,2.361e+02,9.689e+02
1464,1.135e+03,2.358e+02,9.690e+02
1464,1.138e+03,2.360e+02,9.689e+02
1464,1.141e+03,2.358e+02,9.689e+02
1464,1.144e+03,2.357e+02,9.692e+02
1464,1.147e+03,2.356e+02,9.688e+02
1464,1.149e+03,2.355e+02,9.691e+02
1464,1.152e+03,2.355e+02,9.689e+02
1464,1.155e+03,2.355e+02,9.686e+02
1464,1.158e+03,2.353e+02,9.687e+02
1464,1.161e+03,2.354e+02,9.687e+02
1464,1.164e+03,2.351e+02,9.690e+02
1464,1.166e+03,2.349e+02,9.690e+02
1464,1.169e+03,2.349e+02,9.691e+02
1464,1.172e+03,2.350e+02,9.692e+02
1464,1.175e+03,2.349e+02,9.695e+02
1464,1.178e+03,2.347e+02,9.697e+02
1464,1.181e+03,2.347e+02,9.699e+02
1464,1.184e+03,2.345e+02,9.700e+02
1464,1.186e+03,2.342e+02,9.703e+02
1464,1.189e+03,2.343e+02,9.702e+02
1464,1.192e+03,2.342e+02,9.702e+02
1464,1.195e+03,2.340e+02,9.703e+02
1464,1.198e+03,2.338e+02,9.706e+02
1464,1.201e+03,2.339e+02,9.706e+02
1464,1.203e+03,2.336e+02,9.707e+02
1464,1.206e+03,2.332e+02,9.711e+02
1464,1.209e+03,2.333e+02,9.710e+02
1464,1.212e+03,2.332e+02,9.711e+02
1464,1.215e+03,2.331e+02,9.714e+02
1464,1.218e+03,2.330e+02,9.709e+02
1464,1.221e+03,2.329e+02,9.710e+02
1464,1.223e+03,2.330e+02,9.711e+02
1464,1.226e+03,2.325e+02,9.711e+02
1464,1.229e+03,2.327e+02,9.710e+02
1464,1.232e+03,2.327e+02,9.711e+02
1464,1.235e+03,2.327e+02,9.711e+02
1464,1.238e+03,2.328e+02,9.713e+02
1464,1.240e+03,2.326e+02,9.714e+02
1464,1.243e+03,2.325e+02,9.713e+02
1464,1.246e+03,2.327e+02,9.716e+02
1464,1.249e+03,2.326e+02,9.717e+02
1464,1.252e+03,2.324e+02,9.720e+02
1464,1.255e+03,2.324e+02,9.720e+02
1464,1.257e+03,2.326e+02,9.721e+02
1464,1.260e+03,2.326e+02,9.724e+02
1464,1.263e+03,2.329e+02,9.726e+02
1464,1.266e+03,2.324e+02,9.727e+02
1464,1.269e+03,2.329e+02,9.730e+02
1464,1.272e+03,2.327e+02,9.727e+02
1464,1.275e+03,2.329e+02,9.727e+02
1464,1.277e+03,2.329e+02,9.727e+02
1464,1.280e+03,2.330e+02,9.725e+02
1464,1.283e+03,2.328e+02,9.724e+02
1464,1.286e+03,2.328e+02,9.724e+02
1464,1.289e+03,2.328e+02,9.722e+02
1464,1.292e+03,2.329e+02,9.722e+02
1464,1.294e+03,2.327e+02,9.719e+02
1464,1.297e+03,2.326e+02,9.717e+02
1464,1.300e+03,2.327e+02,9.716e+02
1464,1.303e+03,2.327e+02,9.717e+02
1464,1.306e+03,2.326e+02,9.716e+02
1464,1.309e+03,2.324e+02,9.713e+02
1464,1.312e+03,2.324e+02,9.712e+02
1464,1.314e+03,2.325e+02,9.709e+02
1464,1.317e+03,2.323e+02,9.707e+02
1464,1.320e+03,2.325e+02,9.702e+02
1464,1.323e+03,2.323e+02,9.706e+02
1464,1.326e+03,2.322e+02,9.706e+02
1464,1.329e+03,2.326e+02,9.711e+02
1464,1.331e+03,2.324e+02,9.710e+02
1464,1.334e+03,2.322e+02,9.709e+02
1464,1.337e+03,2.321e+02,9.712e+02
1464,1.340e+03,2.321e+02,9.711e+02
1464,1.343e+03,2.322e+02,9.710e+02
1464,1.346e+03,2.324e+02,9.707e+02
1464,1.349e+03,2.322e+02,9.710e+02
1464,1.351e+03,2.322e+02,9.710e+02
1464,1.354e+03,2.324e+02,9.708e+02
1464,1.357e+03,2.324e+02,9.709e+02
1464,1.360e+03,2.325e+02,9.710e+02
1464,1.363e+03,2.324e+02,9.710e+02
1464,1.366e+03,2.325e+02,9.713e+02
1464,1.368e+03,2.326e+02,9.713e+02
1464,1.371e+03,2.327e+02,9.712e+02
1464,1.374e+03,2.328e+02,9.713e+02
1464,1.377e+03,2.328e+02,9.713e+02
1464,1.380e+03,2.328e+02,9.713e+02
1464,1.383e+03,2.329e+02,9.713e+02
1464,1.386e+03,2.329e+02,9.712e+02
1464,1.388e+03,2.330e+02,9.713e+02
1464,1.391e+03,2.330e+02,9.714e+02
1464,1.394e+03,2.329e+02,9.713e+02
1464,1.397e+03,2.332e+02,9.714e+02
1464,1.400e+03,2.329e+02,9.715e+02
1464,1.403e+03,2.330e+02,9.714e+02
1464,1.405e+03,2.328e+02,9.714e+02
1464,1.408e+03,2.328e+02,9.715e+02
1464,1.411e+03,2.329e+02,9.714e+02
1464,1.414e+03,2.330e+02,9.712e+02
1464,1.417e+03,2.329e+02,9.714e+02
1464,1.420e+03,2.329e+02,9.715e+02
1464,1.422e+03,2.330e+02,9.716e+02
1464,1.425e+03,2.329e+02,9.716e+02
1464,1.428e+03,2.329e+02,9.713e+02
1464,1.431e+03,2.327e+02,9.716e+02
1464,1.434e+03,2.329e+02,9.714e+02
1464,1.437e+03,2.329e+02,9.714e+02
1464,1.440e+03,2.329e+02,9.712e+02
1464,1.442e+03,2.330e+02,9.712e+02
1464,1.445e+03,2.327e+02,9.710e+02
1464,1.448e+03,2.326e+02,9.712e+02
1464,1.451e+03,2.325e+02,9.714e+02
1464,1.454e+03,2.327e+02,9.714e+02
1464,1.457e+03,2.327e+02,9.711e+02
1464,1.459e+03,2.326e+02,9.710e+02
1464,1.462e+03,2.325e+02,9.707e+02
1464,1.465e+03,2.326e+02,9.707e+02
1464,1.468e+03,2.326e+02,9.709e+02
1464,1.471e+03,2.328e+02,9.706e+02
1464,1.474e+03,2.329e+02,9.707e+02
1464,1.477e+03,2.326e+02,9.708e+02
1464,1.479e+03,2.323e+02,9.707e+02
1464,1.482e+03,2.323e+02,9.707e+02
1464,1.485e+03,2.324e+02,9.708e+02
1464,1.488e+03,2.324e+02,9.707e+02
1464,1.491e+03,2.326e+02,9.712e+02
1464,1.494e+03,2.325e+02,9.713e+02
1464,1.496e+03,2.326e+02,9.712e+02
1464,1.499e+03,2.326e+02,9.713e+02
1464,1.502e+03,2.325e+02,9.711e+02
1464,1.505e+03,2.322e+02,9.713e+02
1464,1.508e+03,2.322e+02,9.710e+02
1464,1.511e+03,2.319e+02,9.708e+02
1464,1.514e+03,2.318e+02,9.706e+02
1464,1.516e+03,2.317e+02,9.706e+02
1464,1.519e+03,2.314e+02,9.706e+02
1464,1.522e+03,2.317e+02,9.708e+02
1464,1.525e+03,2.316e+02,9.706e+02
1464,1.528e+03,2.316e+02,9.705e+02
1464,1.531e+03,2.315e+02,9.705e+02
1464,1.533e+03,2.316e+02,9.705e+02
1464,1.536e+03,2.316e+02,9.705e+02
1464,1.539e+03,2.320e+02,9.709e+02
1464,1.542e+03,2.320e+02,9.709e+02
1464,1.545e+03,2.317e+02,9.708e+02
1464,1.548e+03,2.316e+02,9.709e+02
1464,1.551e+03,2.316e+02,9.709e+02
1464,1.553e+03,2.314e+02,9.707e+02
1464,1.556e+03,2.317e+02,9.709e+02
1464,1.559e+03,2.318e+02,9.712e+02
1464,1.562e+03,2.320e+02,9.714e+02
1464,1.565e+03,2.319e+02,9.712e+02
1464,1.568e+03,2.319e+02,9.713e+02
1464,1.570e+03,2.320e+02,9.715e+02
1464,1.573e+03,2.321e+02,9.712e+02
1464,1.576e+03,2.319e+02,9.713e+02
1464,1.579e+03,2.320e+02,9.712e+02
1464,1.582e+03,2.318e+02,9.713e+02
1464,1.585e+03,2.319e+02,9.713e+02
1464,1.588e+03,2.319e+02,9.715e+02
1464,1.590e+03,2.319e+02,9.715e+02
1464,1.593e+03,2.319e+02,9.715e+02
1464,1.596e+03,2.321e+02,9.716e+02
1464,1.599e+03,2.323e+02,9.715e+02
1464,1.602e+03,2.320e+02,9.716e+02
1464,1.605e+03,2.319e+02,9.714e+02
1464,1.607e+03,2.320e+02,9.717e+02
1464,1.610e+03,2.320e+02,9.714e+02
1464,1.613e+03,2.319e+02,9.716e+02
1464,1.616e+03,2.318e+02,9.714e+02
1464,1.619e+03,2.316e+02,9.711e+02
1464,1.622e+03,2.314e+02,9.711e+02
1464,1.624e+03,2.314e+02,9.709e+02
1464,1.627e+03,2.313e+02,9.711e+02
1464,1.630e+03,2.315e+02,9.708e+02
1464,1.633e+03,2.316e+02,9.709e+02
1464,1.636e+03,2.315e+02,9.710e+02
1464,1.639e+03,2.315e+02,9.710e+02
1464,1.642e+03,2.313e+02,9.708e+02
1464,1.644e+03,2.314e+02,9.706e+02
1464,1.647e+03,2.314e+02,9.708e+02
1464,1.650e+03,2.312e+02,9.709e+02
1464,1.653e+03,2.314e+02,9.708e+02
1464,1.656e+03,2.314e+02,9.710e+02
1464,1.659e+03,2.315e+02,9.711e+02
1464,1.661e+03,2.320e+02,9.713e+02
1464,1.664e+03,2.319e+02,9.713e+02
1464,1.667e+03,2.320e+02,9.712e+02
1464,1.670e+03,2.320e+02,9.713e+02
1464,1.673e+03,2.321e+02,9.714e+02
1464,1.676e+03,2.321e+02,9.714e+02
1464,1.679e+03,2.319e+02,9.714e+02
1464,1.681e+03,2.318e+02,9.713e+02
1464,1.684e+03,2.319e+02,9.712e+02
1464,1.687e+03,2.321e+02,9.714e+02
1464,1.690e+03,2.321e+02,9.714e+02
1464,1.693e+03,2.321e+02,9.713e+02
1464,1.696e+03,2.320e+02,9.714e+02
1464,1.698e+03,2.323e+02,9.715e+02
1464,1.701e+03,2.325e+02,9.714e+02
1464,1.704e+03,2.323e+02,9.714e+02
1464,1.707e+03,2.323e+02,9.715e+02
1464,1.710e+03,2.323e+02,9.714e+02
1464,1.713e+03,2.318e+02,9.713e+02
1464,1.716e+03,2.321e+02,9.713e+02
1464,1.718e+03,2.321e+02,9.714e+02
1464,1.721e+03,2.319e+02,9.713e+02
1464,1.724e+03,2.321e+02,9.714e+02
1464,1.727e+03,2.320e+02,9.714e+02
1464,1.730e+03,2.320e+02,9.714e+02
1464,1.733e+03,2.316e+02,9.714e+02
1464,1.735e+03,2.318e+02,9.713e+02
1464,1.738e+03,2.318e+02,9.714e+02
1464,1.741e+03,2.317e+02,9.714e+02
1464,1.744e+03,2.320e+02,9.714e+02
1464,1.747e+03,2.318e+02,9.716e+02
1464,1.750e+03,2.320e+02,9.718e+02
1464,1.753e+03,2.322e+02,9.718e+02
1464,1.755e+03,2.322e+02,9.715e+02
1464,1.758e+03,2.320e+02,9.717e+02
1464,1.761e+03,2.319e+02,9.715e+02
1464,1.764e+03,2.319e+02,9.714e+02
1464,1.767e+03,2.317e+02,9.713e+02
1464,1.770e+03,2.315e+02,9.712e+02
1464,1.772e+03,2.316e+02,9.712e+02
1464,1.775e+03,2.315e+02,9.712e+02
1464,1.778e+03,2.316e+02,9.712e+02
1464,1.781e+03,2.318e+02,9.712e+02
1464,1.784e+03,2.317e+02,9.713e+02
1464,1.787e+03,2.318e+02,9.711e+02
1464,1.790e+03,2.318e+02,9.711e+02
1464,1.792e+03,2.323e+02,9.715e+02
1464,1.795e+03,2.320e+02,9.717e+02
1464,1.798e+03,2.322e+02,9.715e+02
2153,9.673e+02,1.144e+03,8.045e+02
2153,9.701e+02,1.141e+03,8.002e+02
2153,9.730e+02,1.143e+03,8.005e+02
2153,9.787e+02,1.143e+03,7.998e+02
2153,9.844e+02,1.142e+03,8.007e+02
2153,9.872e+02,1.139e+03,8.021e+02
2153,9.901e+02,1.145e+03,7.998e+02
2153,9.929e+02,1.146e+03,7.986e+02
2153,9.958e+02,1.143e+03,8.015e+02
2153,9.986e+02,1.143e+03,7.990e+02
2153,1.001e+03,1.145e+03,8.003e+02
2153,1.004e+03,1.145e+03,7.997e+02
2153,1.007e+03,1.143e+03,7.998e+02
2153,1.013e+03,1.147e+03,7.980e+02
2153,1.016e+03,1.145e+03,8.018e+02
2153,1.019e+03,1.143e+03,8.012e+02
2153,1.021e+03,1.145e+03,8.009e+02
2153,1.027e+03,1.141e+03,8.026e+02
2153,1.030e+03,1.142e+03,8.039e+02
2153,1.033e+03,1.142e+03,8.031e+02
2153,1.036e+03,1.144e+03,8.027e+02
2153,1.038e+03,1.145e+03,8.030e+02
2153,1.041e+03,1.145e+03,8.036e+02
2153,1.044e+03,1.144e+03,8.035e+02
2153,1.047e+03,1.145e+03,8.032e+02
2153,1.050e+03,1.145e+03,8.032e+02
2153,1.053e+03,1.144e+03,8.036e+02
2153,1.055e+03,1.143e+03,8.043e+02
2153,1.058e+03,1.145e+03,8.045e+02
2153,1.061e+03,1.146e+03,8.048e+02
2153,1.064e+03,1.146e+03,8.052e+02
2153,1.067e+03,1.145e+03,8.044e+02
2153,1.070e+03,1.146e+03,8.052e+02
2153,1.073e+03,1.146e+03,8.041e+02
2153,1.075e+03,1.145e+03,8.045e+02
2153,1.078e+03,1.145e+03,8.048e+02
2153,1.081e+03,1.146e+03,8.048e+02
2153,1.084e+03,1.146e+03,8.048e+02
2153,1.087e+03,1.146e+03,8.046e+02
2153,1.090e+03,1.145e+03,8.045e+02
2153,1.092e+03,1.146e+03,8.040e+02
2153,1.095e+03,1.147e+03,8.061e+02
2153,1.098e+03,1.146e+03,8.057e+02
2153,1.101e+03,1.146e+03,8.054e+02
2153,1.104e+03,1.147e+03,8.068e+02
2153,1.107e+03,1.147e+03,8.059e+02
2153,1.110e+03,1.147e+03,8.066e+02
2153,1.112e+03,1.147e+03,8.074e+02
2153,1.115e+03,1.146e+03,8.080e+02
2153,1.121e+03,1.147e+03,8.104e+02
2153,1.124e+03,1.147e+03,8.102e+02
2153,1.127e+03,1.146e+03,8.113e+02
2153,1.129e+03,1.147e+03,8.119e+02
2153,1.132e+03,1.147e+03,8.115e+02
2153,1.135e+03,1.148e+03,8.123e+02
2153,1.138e+03,1.148e+03,8.120e+02
2153,1.141e+03,1.148e+03,8.123e+02
2153,1.144e+03,1.148e+03,8.126e+02
2153,1.147e+03,1.148e+03,8.123e+02
2153,1.149e+03,1.149e+03,8.128e+02
2153,1.152e+03,1.148e+03,8.129e+02
2153,1.155e+03,1.149e+03,8.128e+02
2153,1.158e+03,1.148e+03,8.136e+02
2153,1.161e+03,1.149e+03,8.131e+02
2153,1.164e+03,1.149e+03,8.139e+02
2153,1.166e+03,1.149e+03,8.139e+02
2153,1.169e+03,1.149e+03,8.139e+02
2153,1.172e+03,1.149e+03,8.141e+02
2153,1.175e+03,1.149e+03,8.144e+02
2153,1.178e+03,1.149e+03,8.145e+02
2153,1.181e+03,1.149e+03,8.150e+02
2153,1.184e+03,1.149e+03,8.157e+02
2153,1.186e+03,1.149e+03,8.152e+02
2153,1.189e+03,1.150e+03,8.157e+02
2153,1.192e+03,1.149e+03,8.162e+02
2153,1.195e+03,1.150e+03,8.159e+02
2153,1.198e+03,1.150e+03,8.160e+02
2153,1.201e+03,1.150e+03,8.158e+02
2153,1.203e+03,1.150e+03,8.168e+02
2153,1.206e+03,1.150e+03,8.167e+02
2153,1.209e+03,1.151e+03,8.174e+02
2153,1.212e+03,1.150e+03,8.180e+02
2153,1.215e+03,1.151e+03,8.187e+02
2153,1.218e+03,1.151e+03,8.192e+02
2153,1.221e+03,1.151e+03,8.192e+02
2153,1.223e+03,1.151e+03,8.194e+02
2153,1.226e+03,1.152e+03,8.197e+02
2153,1.229e+03,1.152e+03,8.200e+02
2153,1.232e+03,1.152e+03,8.199e+02
2153,1.235e+03,1.152e+03,8.203e+02
2153,1.238e+03,1.153e+03,8.204e+02
2153,1.240e+03,1.153e+03,8.204e+02
2153,1.243e+03,1.153e+03,8.205e+02
2153,1.246e+03,1.153e+03,8.206e+02
2153,1.249e+03,1.153e+03,8.212e+02
2153,1.252e+03,1.153e+03,8.216e+02
2153,1.255e+03,1.153e+03,8.213e+02
2153,1.257e+03,1.153e+03,8.219e+02
2153,1.260e+03,1.153e+03,8.215e+02
2153,1.263e+03,1.153e+03,8.225e+02
2153,1.266e+03,1.152e+03,8.225e+02
2153,1.269e+03,1.153e+03,8.233e+02
2153,1.272e+03,1.152e+03,8.233e+02
2153,1.275e+03,1.153e+03,8.238e+02
2153,1.277e+03,1.153e+03,8.246e+02
2153,1.280e+03,1.154e+03,8.253e+02
2153,1.283e+03,1.154e+03,8.261e+02
2153,1.289e+03,1.155e+03,8.263e+02
2153,1.292e+03,1.154e+03,8.280e+02
2153,1.294e+03,1.154e+03,8.274e+02
2153,1.297e+03,1.154e+03,8.278e+02
2153,1.300e+03,1.155e+03,8.272e+02
2153,1.303e+03,1.155e+03,8.278e+02
2153,1.306e+03,1.155e+03,8.277e+02
2153,1.309e+03,1.156e+03,8.288e+02
2153,1.312e+03,1.156e+03,8.292e+02
2153,1.314e+03,1.157e+03,8.288e+02
2153,1.317e+03,1.157e+03,8.297e+02
2153,1.320e+03,1.157e+03,8.301e+02
2153,1.323e+03,1.157e+03,8.298e+02
2153,1.326e+03,1.158e+03,8.298e+02
2153,1.329e+03,1.158e+03,8.295e+02
2153,1.331e+03,1.158e+03,8.288e+02
2153,1.334e+03,1.157e+03,8.290e+02
2153,1.337e+03,1.157e+03,8.289e+02
2153,1.340e+03,1.157e+03,8.292e+02
2153,1.343e+03,1.157e+03,8.292e+02
2153,1.346e+03,1.157e+03,8.287e+02
2153,1.349e+03,1.157e+03,8.292e+02
2153,1.351e+03,1.157e+03,8.289e+02
2153,1.354e+03,1.157e+03,8.289e+02
2153,1.357e+03,1.157e+03,8.291e+02
2153,1.360e+03,1.157e+03,8.291e+02
2153,1.363e+03,1.157e+03,8.290e+02
2153,1.366e+03,1.157e+03,8.289e+02
2153,1.368e+03,1.157e+03,8.285e+02
2153,1.371e+03,1.156e+03,8.285e+02
2153,1.374e+03,1.156e+03,8.282e+02
2153,1.377e+03,1.156e+03,8.283e+02
2153,1.380e+03,1.157e+03,8.281e+02
2153,1.383e+03,1.157e+03,8.278e+02
2153,1.386e+03,1.157e+03,8.280e+02
2153,1.388e+03,1.157e+03,8.276e+02
2153,1.391e+03,1.158e+03,8.278e+02
2153,1.394e+03,1.157e+03,8.276e+02
2153,1.397e+03,1.158e+03,8.273e+02
2153,1.400e+03,1.157e+03,8.272e+02
2153,1.403e+03,1.157e+03,8.271e+02
2153,1.405e+03,1.158e+03,8.273e+02
2153,1.408e+03,1.158e+03,8.271e+02
2153,1.411e+03,1.158e+03,8.267e+02
2153,1.414e+03,1.159e+03,8.269e+02
2153,1.417e+03,1.159e+03,8.270e+02
2153,1.420e+03,1.159e+03,8.272e+02
2153,1.422e+03,1.159e+03,8.272e+02
2153,1.425e+03,1.160e+03,8.277e+02
2153,1.428e+03,1.160e+03,8.278e+02
2153,1.431e+03,1.161e+03,8.279e+02
2153,1.434e+03,1.162e+03,8.273e+02
2153,1.437e+03,1.162e+03,8.269e+02
2153,1.440e+03,1.162e+03,8.268e+02
2153,1.442e+03,1.162e+03,8.265e+02
2153,1.445e+03,1.163e+03,8.269e+02
2153,1.448e+03,1.163e+03,8.271e+02
2153,1.451e+03,1.164e+03,8.272e+02
2153,1.454e+03,1.164e+03,8.274e+02
2153,1.457e+03,1.165e+03,8.278e+02
2153,1.459e+03,1.165e+03,8.278e+02
2153,1.462e+03,1.166e+03,8.278e+02
2153,1.465e+03,1.166e+03,8.281e+02
2153,1.468e+03,1.167e+03,8.281e+02
2153,1.471e+03,1.168e+03,8.280e+02
2153,1.474e+03,1.168e+03,8.282e+02
2153,1.477e+03,1.168e+03,8.286e+02
2153,1.479e+03,1.169e+03,8.284e+02
2153,1.482e+03,1.169e+03,8.285e+02
2153,1.485e+03,1.169e+03,8.284e+02
2153,1.488e+03,1.169e+03,8.282e+02
2153,1.491e+03,1.169e+03,8.284e+02
2153,1.494e+03,1.169e+03,8.283e+02
2153,1.496e+03,1.169e+03,8.279e+02
2153,1.499e+03,1.169e+03,8.283e+02
2153,1.502e+03,1.169e+03,8.283e+02
2153,1.505e+03,1.169e+03,8.283e+02
2153,1.508e+03,1.169e+03,8.289e+02
2153,1.511e+03,1.169e+03,8.283e+02
2153,1.514e+03,1.170e+03,8.291e+02
2153,1.516e+03,1.169e+03,8.285e+02
2153,1.519e+03,1.170e+03,8.284e+02
2153,1.522e+03,1.170e+03,8.291e+02
2153,1.525e+03,1.169e+03,8.287e+02
2153,1.528e+03,1.170e+03,8.286e+02
2153,1.531e+03,1.170e+03,8.286e+02
2153,1.533e+03,1.170e+03,8.286e+02
2153,1.536e+03,1.170e+03,8.285e+02
2153,1.539e+03,1.170e+03,8.283e+02
2153,1.542e+03,1.169e+03,8.280e+02
2153,1.545e+03,1.169e+03,8.282e+02
2153,1.548e+03,1.170e+03,8.285e+02
2153,1.551e+03,1.169e+03,8.284e+02
2153,1.553e+03,1.170e+03,8.279e+02
2153,1.556e+03,1.170e+03,8.284e+02
2153,1.559e+03,1.170e+03,8.282e+02
2153,1.562e+03,1.170e+03,8.283e+02
2153,1.565e+03,1.170e+03,8.281e+02
2153,1.568e+03,1.170e+03,8.281e+02
2153,1.570e+03,1.170e+03,8.281e+02
2153,1.573e+03,1.170e+03,8.281e+02
2153,1.576e+03,1.170e+03,8.281e+02
2153,1.579e+03,1.170e+03,8.283e+02
2153,1.582e+03,1.170e+03,8.280e+02
2153,1.585e+03,1.170e+03,8.279e+02
2153,1.588e+03,1.170e+03,8.281e+02
2153,1.590e+03,1.170e+03,8.284e+02
2153,1.593e+03,1.170e+03,8.285e+02
2153,1.596e+03,1.170e+03,8.283e+02
2153,1.599e+03,1.170e+03,8.281e+02
2153,1.602e+03,1.170e+03,8.281e+02
2153,1.605e+03,1.170e+03,8.283e+02
2153,1.607e+03,1.170e+03,8.283e+02
2153,1.610e+03,1.170e+03,8.280e+02
2153,1.613e+03,1.170e+03,8.282e+02
2153,1.616e+03,1.171e+03,8.280e+02
2153,1.619e+03,1.170e+03,8.278e+02
2153,1.622e+03,1.170e+03,8.281e+02
2153,1.624e+03,1.170e+03,8.276e+02
2153,1.627e+03,1.170e+03,8.272e+02
2153,1.630e+03,1.170e+03,8.270e+02
2153,1.633e+03,1.170e+03,8.270e+02
2153,1.636e+03,1.170e+03,8.268e+02
2153,1.639e+03,1.170e+03,8.269e+02
2153,1.642e+03,1.170e+03,8.266e+02
2153,1.644e+03,1.170e+03,8.261e+02
2153,1.647e+03,1.171e+03,8.263e+02
2153,1.650e+03,1.171e+03,8.258e+02
2153,1.653e+03,1.171e+03,8.255e+02
2153,1.656e+03,1.171e+03,8.251e+02
2153,1.659e+03,1.171e+03,8.251e+02
2153,1.661e+03,1.171e+03,8.249e+02
2153,1.664e+03,1.171e+03,8.247e+02
2153,1.667e+03,1.171e+03,8.244e+02
2153,1.670e+03,1.171e+03,8.248e+02
2153,1.673e+03,1.171e+03,8.244e+02
2153,1.676e+03,1.172e+03,8.247e+02
2153,1.679e+03,1.171e+03,8.244e+02
2153,1.681e+03,1.172e+03,8.245e+02
2153,1.684e+03,1.172e+03,8.242e+02
2153,1.687e+03,1.172e+03,8.241e+02
2153,1.690e+03,1.172e+03,8.241e+02
2153,1.693e+03,1.172e+03,8.239e+02
2153,1.696e+03,1.172e+03,8.236e+02
2153,1.698e+03,1.172e+03,8.237e+02
2153,1.701e+03,1.172e+03,8.237e+02
2153,1.704e+03,1.172e+03,8.237e+02
2153,1.707e+03,1.173e+03,8.235e+02
2153,1.710e+03,1.173e+03,8.232e+02
2153,1.713e+03,1.173e+03,8.232e+02
2153,1.716e+03,1.173e+03,8.228e+02
2153,1.718e+03,1.173e+03,8.230e+02
2153,1.721e+03,1.173e+03,8.229e+02
2153,1.724e+03,1.173e+03,8.230e+02
2153,1.727e+03,1.173e+03,8.229e+02
2153,1.730e+03,1.173e+03,8.232e+02
2153,1.733e+03,1.173e+03,8.230e+02
2153,1.735e+03,1.173e+03,8.227e+02
2153,1.738e+03,1.173e+03,8.223e+02
2153,1.741e+03,1.173e+03,8.228e+02
2153,1.744e+03,1.173e+03,8.225e+02
2153,1.747e+03,1.174e+03,8.226e+02
2153,1.750e+03,1.173e+03,8.223e+02
2153,1.753e+03,1.174e+03,8.222e+02
2153,1.755e+03,1.174e+03,8.225e+02
2153,1.758e+03,1.174e+03,8.225e+02
2153,1.761e+03,1.174e+03,8.226e+02
2153,1.764e+03,1.174e+03,8.224e+02
2153,1.767e+03,1.174e+03,8.227e+02
2153,1.770e+03,1.174e+03,8.225e+02
2153,1.772e+03,1.174e+03,8.226e+02
2153,1.775e+03,1.174e+03,8.222e+02
2153,1.778e+03,1.174e+03,8.221e+02
2153,1.781e+03,1.174e+03,8.220e+02
2153,1.784e+03,1.174e+03,8.219e+02
2153,1.787e+03,1.174e+03,8.216e+02
2153,1.790e+03,1.174e+03,8.215e+02
2153,1.792e+03,1.174e+03,8.217e+02
2153,1.795e+03,1.174e+03,8.214e+02
2153,1.798e+03,1.174e+03,8.216e+02
